100  10
   47   69  117   93  125   75   76   74   51   86   27   87   89   62   76   72   74   97   67   99   46   64   54   78   96   92  119  102  103   66   34   56   81   96  112   78   60   50   76   61   93   25   77   43   76  110   63   63   33   67   80   83   51   74   61   84   84   81  114   58  123  120  117  128  107   86   64   74   83   75   92   93   63   76   67   73   91   81   85   61   58   87   76   95   74   90   97   58   73   60   51   78  109   54   72  103   75   78   73   78
  111   84  118   93  125   82  119  111   88  148   91  102  102  136   85   81   79  110   78  101   72   90   80   94   98   57  110  127  125  146  114   83   72   87  103   84  104   96   85   91  107   93  100  105   98  136   89   96   88   82  104  130  119   39   52  119  108   86  119   96  107  124  127  135  111   95  105  103   89   73  115  143   86   99  141  141  110  111   87   85   88  126  112   93  125  109  102  101   99   86   62   43   95  122   98  124  143  113   82  120
   84  101  118   93   67   15   52  106   83  144   86   91  109  112   82   78   80  104   67  114   74   70   80  103  120   76  101   84   81  124   96   88   82   97  113   84   84   74   82   67   33   84   71   66   95  115   69   69   65   71  101  106   99   58   61   90  109   87  120   78   33   50   53   96  120   92   96   57   98   82  121  122   62   94  117  121   83   93  122   73   70  103   74   93   95   72   65   81   53   66   51   54  106   96   76   76  117   98   79  117
   73  101  134  109   83   31   68   98   80  132   70  100  101  113   80   76   78   88   83  106   58   86   96   90  132   92  117  100   97  112   87   85   85  100  116   82   68   58   80   65   17   68   55   50   90  100   53   85   81   78   99  104   83   74   77   91  107   85  118   70   49   66   69  112  109   90   90   73   93   98  107  135   78   84  108  105   99   85  121   59   62   91   90  109   89   88   81   65   37   50   67   70  115   96   60   92  117   90   77  115
   16   53   86   61   93   71   75   53   37   88   36   43   48   68   27   23   25   56   53   49   55   52   62   57   85   74   70   53   56   68   63   42   32   47   63   29   11    1   27   12   54   38   64   51   41   93   50   61   44   23   46   51   64   58   47   46   54   32   65   17   97   86   89   87  106   37   33   43   62   61   58   94   61   27   73   86   59   32   74   12    9   47   60   79   47   64   71   66   34   47   37   62   62   53   52   66   74   37   24   62
   55   74  122  105  137   85   48  104   83   74   35   69  102  117   81   77   79  105   79   77   54   72   62   59  102   99  112  107  110   54   22   78   83   98  114   83   75   65   81   66   82   33   67   15   52  119   90   96   66   43   96   91   59   81   68   97   92   84  117   71  114  108  105  136  115   91   97   82   61   63  100  126   87   81  122   81   82   86   93   63   63   75   84  103  101   71   78   30   85   87   63   85   86   62   82   91   83   91   78  116
   55   31   79   74  106   79   88   86   69   70   35   49   65   99   61   57   59   90   59   37   16   72   62   16   59   81   95   78   75   90   65   74   66   75   91   63   50   40   61   46   85   37   79   55   48   79   70   76   51   29   80   85   63   66   53   79   88   66   99   51  123  119  118  105  112   63   74   62   21   74   65  101   67   61  104   85   39   66   70   45   43   81   79   87   73   28   35   46   65   67   43   70   48   66   62  100   87   71   58   96
   93   56  104  107  135   88  125  108   85  125   73   94   95  129   92   88   86   55   81   92   54   59   69   71   70   95  149  132  135  131  112   90   93  108  124   84  100   90   92   91  122   75  127   93  103  109   90  126   79   74  111  130  101   77   75  125  115   93  126   96  136  132  129   86  110  102   98   72   76   96  135  101   41   79  134  123   69  111   59   91   88  110   89   77  118   80   74   85  102   89   65   81  109  104   79  120  122  106   89  127
   68   31   79  104  110   95  101   83   60  100   48   69   93  122   69   65   67   80   79   67   29   69   75   46   45   70  124  107  110  106   87   65   74   89  105   59   75   65   67   66  104   50  102   68   79  107   90  107   57   49   88  105   76   52   56  100   96   74  107   71  135  136  138  111   99   77   73   82   51   77  110   90   66   81  127   98   67   86   34   66   63   85   71   52   93   56   49   60   88   87   63   56   84   79   54   95   97   91   64  102
   61   18   66   91  123   86   90   70   47   87   41   56   80  109   56   52   54   85   66   54   42   78   68   33   32   74  111   94   97   93   76   52   61   76   92   46   62   52   54   53   95   39   91   57   66   94   77   94   44   36   75   92   65   56   43   87   83   61   94   58  134  123  125  116  102   64   60   79   38   64  101   77   74   68  114   87   54   73   21   53   50   72   84   65   80   43   36   69   75   74   50   60   71   68   41   82   84   78   51   89
   72   29   77   97  127   97  101   59   36   98   52   67   69  103   65   61   63   94   77   65   53   89   79   44   43   85  122  105  108  104   87   41   70   85  101   57   73   63   63   64  106   50  102   68   55   83   88  103   55   47   84  103   76   67   54   98   92   70  103   53  123  134  136  109  112   73   49   90   49   75  106   88   71   77  108   98   43   84   32   64   61   83   95   76   69   32   25   80   86   85   61   71   82   79   52   93   95   73   60   98
   53    9   57   82  114   77   88   70   53   78   50   47   80  100   47   43   45   76   57   45   51   83   77   24   41   65  102   85   88   84   72   58   52   67   83   37   53   43   45   44   86   48   87   55   75  103   68   85   35   27   66   83   74   47   34   78   74   52   85   49  125  114  116  107   93   55   66   70   29   55   92   86   65   59  105   96   63   64   30   44   41   63   87   74   76   52   45   60   66   65   41   51   62   68   32   73   89   69   42   80
   50   19   67   73  105   67   78   60   43   88   55   37   70   90   49   45   47   78   47   55   56   86   78   34   51   55   92   75   78   74   62   48   54   69   85   47   43   33   49   34   76   53   84   45   65  105   58   81   25   17   68   73   79   37   24   68   76   54   87   39  115  104  106  107   83   59   56   77   39   45   82   84   55   49   95  101   73   54   40   34   31   53   80   84   66   62   55   60   56   55   31   41   72   58   22   63   79   59   46   84
   45   24   72   68  100   62   73   65   48   93   60   32   65   85   44   40   42   73   42   60   51   81   73   39   56   50   87   70   73   79   67   50   49   64   80   46   38   28   44   29   71   58   81   40   60  100   53   78   30   12   63   68   84   32   19   63   71   49   82   34  110  103  101  102   78   54   61   72   44   40   77   79   50   44   90  106   74   49   45   29   26   58   85   89   64   63   60   55   51   50   26   36   77   63   27   68   84   54   41   79
   51   30   78   74  106   68   79   71   54   99   66   38   71   91   50   46   48   79   48   66   57   87   79   45   50   56   93   76   79   85   73   56   55   70   86   52   44   34   50   35   77   64   87   46   66  106   59   84   36   18   69   74   90   38   25   69   77   55   88   40  116  109  107  108   84   60   67   78   50   46   83   73   56   50   96  112   80   55   51   35   32   64   91   95   70   69   66   61   57   56   32   42   83   69   33   74   90   60   47   85
  122  108  156  152  184  146  133  106   83  115  102  116  135  151  112  108  110  126  126  105  121  130  120  123  128  134   95   78   75   95   63   88  117  132  148  112  118  108  110  103  137  100  106  100  128  148  133  138  108   96  131  112   80  116  103  129  139  117  150  104  154  137  134  157  159  104  100  143  121  104  145  151  134  124  151  102  144  123  129   97  100  116  145  161  120  145  144  115  117  130  110  120  153  129  111  120  150  124  107  145
   33   58   97   73  105   64   68   36   37   87   50   48   47   59   26   22   24   55   47   66   66   69   77   66   90   69   69   52   55   67   71   42   31   46   62   28   26   16   26   11   45   48   69   53   36   88   41   54   49   28   45   50   74   51   41   37   53   31   64   16   94   77   80   86   89   36   50   60   71   44   53   89   55   32   64   96   70   31   79    5    8   46   74   87   46   59   62   68   25   38   31   55   61   52   51   65   73   36   23   61
   59   56   73   48   80   30   67   61   38  109   47   46   72   88   55   51   53   68   22   85   65   80   70   65   88   47   94   81   84   89   57   43   60   75   91   57   52   42   55   40   63   45   79   54   63   80   33   76   20   26   67   79   71   29   16   66   80   60   93   45   78   84   81   99   75   65   51   72   70   37   80   78   18   56   93   93   46   60   77   34   37   75   89  102   61   57   64   69   43   30    6   33   85   74   59   94   95   65   52   90
   89   79  113   88   72   20   57   87   64  140   83   86   78  112   69   65   63   94   62  115   94   66   56   94   85   41   96  112  109  129   98   59   56   71   87   68   88   80   69   75   68   85  106   89   82  120   73   34   70   66   88  114  111   23   36  103   92   70  103   80   68   85   88  119   95   79   81   62   99   57   99  127   67   83  117  133   94   95   96   69   72  108   79   98  101   97   91  104   83   70   46   19   71  101   82  108  122   89   66  104
   57   52  100  100  132   80   98   54   31   83   73   70   55   89   50   46   48   79   77   88   89   93  100   67   84   88   93   76   79   63   80   36   55   70   86   52   50   40   50   35   66   71   93   78   66  115   73   84   43   50   69   74   97   70   57   69   76   55   88   24   98  109  112  110  107   60   44   84   72   78   83  103   73   56   94  119   81   55   73   35   32   42   69   81   40   85   88   93   57   70   61   74   85   47   11   52   68   44   47   85
   96   75  106   81  111  102  102   79   84  114   79   93   53   87   72   76   78  109   83   66   60  116  106   60   76  106  120  103  100  130  109   89   85  100  116   82   89   79   80   76  112   81  112   87   39   67   94  101   90   73   91  115  107   90   77   89  107   85  106   81  121  129  132   93  117   90   97  106   65   90   90   99   55   93   92  101   27   89   80   70   73  109  115   96   61   16   23   90   92   91   67   94   67  110   78  119  118   64   77  115
   30   58   72   47   79   72   87   65   48   90   50   55   60   80   39   35   37   68   64   63   43   66   76   43   86   60   74   57   54   80   67   53   44   59   75   41   23   13   39   24   64   52   76   63   27   79   60   55   30   35   58   63   78   52   58   58   66   44   77   29  109   98  101   99  117   49   47   57   48   73   44   80   60   39   85  100   45   44   86   24   21   59   74   93   59   50   57   73   44   57   48   56   60   65   64   78   86   49   36   74
   33   55   75   50   82   69   84   62   45   93   53   58   63   77   42   38   40   71   61   61   40   69   79   40   83   57   71   54   51   83   64   50   47   62   78   44   26   16   42   27   61   55   79   66   24   82   57   52   27   38   61   66   81   49   55   55   69   47   80   32  112   95   98  102  114   52   50   60   45   70   41   77   57   42   82  103   48   47   84   21   24   62   77   96   62   47   54   70   41   54   45   53   57   68   66   81   89   52   39   77
   55   80  109   84  116   73   90   66   59  109   72   70   69   71   48   44   46   56   58   88   76   91   99   76  112   83   91   74   77   89   93   64   53   68   84   50   48   38   48   33   25   70   63   75   58   68   21   76   63   50   67   72   91   65   52   59   75   53   86   38   91   99  102   87  111   58   72   82   81   73   75  103   66   54   66  113   84   53  101   27   30   68   96  109   68   81   88   90    5   18   42   69   83   74   73   87   95   58   45   83
   74   61  109  110  135   83  112   93   78  100   71   85   88  108   61   57   59   90   95   57   52   95   98   46   89  116  104   87   90  108  101   77   66   65   81   63   67   57   61   46   69   73  105   79   83  111   90   99   87   65   80   85   99   98   89   86   88   66   99   57  101  118  121  121  145   71   91   82   41  101  100  134  103   73  113  121   75   72   87   52   49   87   99  118   87   64   71   64   74   87   79  102   66   93   89  100  114   77   58   96
   51   61  109   91  123   82   86   18   41  105   68   66   65   77   44   40   42   73   65   64   84   87   87   73   93   78   87   70   73   85   67   46   49   64   80   46   44   34   44   29   63   66   62   71   54  106   59   72   67   46   63   68   90   60   47   55   71   49   82   34   79   62   65   95   71   46   58   78   78   26   71  107   73   50   82  106   88   49   82   23   26   64   92  105   64   77   80   86   43   56   49   64   79   70   64   83   91   54   41   79
   62   72  120  102  134   93   96    7   30  107   79   77   76   88   55   51   53   84   76   75   95   86   76   84  104   89   98   81   84   96   78   35   60   75   91   57   55   45   55   40   74   77   73   82   65  117   70   83   56   57   74   79  101   71   58   66   82   60   93   45   90   73   76   84   60   57   47   89   89   37   82  116   84   61   93   95   81   60   93   34   37   75  103  108   67   70   77   97   54   67   60   75   90   81   72   94  102   65   52   90
   42   51   64   77  109   87   91   57   34  104   62   65   59   77   15   11   13   44   72   71   81   78   88   66   83   68   80   63   66   84   82   29   20   35   51    5   15   25   13   22   70   64   59   73   59   93   66   53   60   45   34   61   87   50   60   62   42   20   53   33  113  102  105   75   99   23   51   69   71   58   76  100   65   27   82   99   83   48   72   28   25   63   86  100   61   82   87   74   50   63   56   54   78   69   68   54   90   53   10   48
   60   69   82   95  127  105  109   75   52  122   80   83   77   95   33   29   31   62   90   89   99   96  106   84  101   86   98   81   84  102  100   47   38   53   69   23   33   43   31   40   88   82   77   91   77  111   84   71   78   63   52   79  105   68   78   80   60   38   71   51  131  120  123   93  117   41   69   87   89   76   94  118   83   45  100  117  101   66   90   46   43   81  104  118   79  100  105   92   68   81   74   72   96   87   86   72  108   71   28   66
   49   60  100   84  116   66   93   25    2   79   54   67   50   76   31   27   29   60   58   85   73   74   81   75   77   69   88   71   74   86   61    7   36   51   67   31   45   35   29   30   72   52   75   70   61  110   68   69   24   47   50   69   78   51   38   64   58   36   69   19   99  104  107   91   78   39   15   61   80   59   78   84   54   43   81  100   76   50   66   30   27   65   77   76   35   66   59   85   52   65   42   47   80   55   40   70   76   39   26   64
   61   90  129  104  132   80  115  117   94  125   62  120  125  145  104  100  102   89  115   95   81   25   35   84  104   94  147  130  133  105  101   99  109  124  140  106   88   78  104   89  128   64  112   82  113  143  124  101  100  100  123  122   90   76   89  123  123  109  142   94  128  145  148  107   83   96   84   38   79  110  130  135   75   91  150  112  103  109   93   89   86   84   55   74  115  114  108   97  111  123   99   72  112   77  113  141   98  114  101  139
   37   62   87   62   94   68   72   50   41   91   56   52   51   65   30   26   28   59   53   70   52   73   78   52   94   55   69   52   49   71   75   46   35   50   66   32   30   20   30   15   51   54   73   57   22   93   47   40   39   32   49   54   80   37   47   43   57   35   68   20  100   83   86   90  103   40   54   64   57   58   39   75   61   36   70  102   56   35   83    9   12   50   78   91   50   45   52   72   31   44   37   41   55   56   55   69   77   40   27   65
   40   62   82   57   89   73   77   55   46   96   56   57   56   70   35   31   33   64   58   68   47   76   83   47   90   50   64   47   44   76   71   51   40   55   71   37   33   23   35   20   56   54   78   62   17   88   52   45   34   37   54   59   80   42   52   48   62   40   73   25  105   88   91   95  108   45   57   67   52   63   34   70   64   41   75  102   51   40   88   14   17   55   83   96   55   40   47   77   36   49   42   46   50   61   60   74   82   45   32   70
   44   79   96   87  119   97  101   79   64  114   64   69   61   94   47   43   45   76   79   77   83   78   88   78  105  100   96   79   82   94   89   61   52   67   83   37   17   27   45   38   80   66   47   77   67  119   76   85   70   49   66   77   75   82   72   72   74   52   85   43  123  112  115  107  109   51   61   71   83   51   84  120   87   53   99   97   85   58   94   38   35   73   88  107   73   90   97   92   60   73   63   86   88   79   78   86  100   63   42   80
   67   87  119  110  142  119  124   89   82  126   87   92   84  111   63   59   61   92  102   73  104   90  100   72  115  119  119  102  105  117   96   77   68   83   99   60   40   50   61   61   79   89   41   93   90  134   99  101   93   72   82  100   69  101   95   89   90   68  101   66  145  129  132  123  103   45   84   77   77   74  107  143  110   75  116   75  108   81  117   61   58   96   94  113   83  107  114  108   83   96   86  105  110  102  101  102  123   86   58   96
   68   57  102   95  127   95  109   49   52   96   85   83   82   95   33   29   31   62   90   33   74   66   76   42   85   89   98   81   84  102   81   47   38   53   69   33   53   51   31   40   69   83   31   83   77  112   84   71   78   63   52   79   59   71   78   79   60   38   71   51  110   93   96   87   63   15   69   53   47   57   94  118   83   45  100   81   72   66   96   46   43   81   70   89   53   67   74   78   68   81   74   75   80   87   86   72  108   71   28   66
   34   58   94   69  101   63   63   72   65   80   14   67   75   87   54   50   52   83   43   82   33   51   41   65   83   68   97   80   83   81   49   68   59   74   90   56   54   44   54   39   73   12   64   30   59  101   54   78   48   47   73   70   38   50   37   65   47   59   92   44  111  105  102  114   94   64   78   61   66   58   55   91   51   60   92   60   79   59   72   33   36   74   63   82   74   77   80   45   53   51   27   54   89   41   77   93   62   64   51   89
   67   89  109   84  116  100  104   82   73  123   62   84   83   97   62   58   60   91   85   95   74   99   89   74   88   77   91   74   71  103   97   78   67   82   98   64   60   50   62   47   83   60  105   78   44  115   79   72   61   64   81   86   86   69   78   75   89   67  100   52  132  115  118  122  135   72   84   94   79   57    7   43   91   68  102  108   78   67   99   41   44   82  110  123   82   67   74   93   63   76   69   73   77   88   87  101  109   72   59   97
   49   77   53   28   60   91  106   84   67   71   69   74   46   80   58   54   56   87   83   65   62   85   95   62  103   79   93   76   73   91   86   72   63   78   94   60   42   32   58   43   83   71   95   82   46   60   79   74   49   54   77   82   97   71   77   77   85   63   96   48  128  117  120   92  116   68   66   76   67   92   63   99   54   58   85  100   26   63  101   43   40   78   93  112   78   37   44   92   63   76   67   75   66   84   83   97  105   57   55   93
   29   54   93   69  101   60   64   40   33   83   46   44   43   55   22   18   20   51   43   62   62   65   73   62   86   65   65   48   51   63   67   38   27   42   58   24   22   12   22    7   41   44   65   49   32   84   37   50   45   24   41   46   70   47   37   33   49   27   60   12   90   73   76   82   93   32   46   56   67   48   49   85   51   28   60   92   66   27   75    1    4   42   70   83   42   55   62   64   21   34   27   51   57   48   47   61   69   32   19   57
   45   61   78   53   85   47   79   56   49   96   30   51   59   71   38   34   36   67   27   78   49   67   57   70   84   52   81   64   67   79   65   52   43   58   74   40   38   28   38   23   57   28   80   46   48   85   38   66   37   31   57   62   54   34   21   49   63   43   76   28   95   89   86   98   80   48   62   72   75   42   65   95   35   44   76   76   63   43   82   17   20   58   79   98   58   62   69   61   37   35   11   38   73   57   63   77   78   48   35   73
   90   61  109  113  145  107  118  110   90  106   84   77   92  126   89   85   87  118   87   75   85  113  111   54   11   55  110  115  118   86  112   95   94  109  125   89   83   73   89   74  116   82  117   85   78  106   98  123   75   57  108  113  108   73   64  108   92   94  127   79  155  148  146  132  123   99  103  100   59   85   70   34   94   89  131  130   66   94   22   74   71   65   94  108  100   55   62   90   96   95   71   77   92  108   72  113  127   99   86  124
   73   87   85   60   92   92  114   84   61  108   89   58    9   43   66   62   64   95   85   56   72  105   95   72   94   72  109   92   95  107   92   66   71   86  102   68   53   56   66   51   93   87  109   96   51   51   89  100   73   68   85   90  113   54   67   65   91   71   90   40  117  100  103   83  107   76   74  100   72   88   99  105   45   72   48   91   17   71   92   51   48   86   96  111   70   28   35  102   73   86   69   58   57   74   75  105   74   20   63  101
   38   60  108   84  116   66   67   65   42   73   18   78   80   75   67   63   65   88   58   90   37   55   45   69   87   83  110   93   94   53   21   47   72   87  103   69   51   41   67   52   89   16   68   34   67  116   69   54   24   58   71   74   42   65   52   86   75   72  105   49  114  107  104  119   98   77   55   65   74   62   83   84   54   67   80   64   82   72   76   52   49   74   67   86   65   81   88   49   74   66   42   69  100   45   63   90   66   69   64   91
   36   58  106   82  114   64   65   63   40   75   16   76   78   73   65   61   63   86   56   88   35   53   43   67   85   81  108   91   92   55   23   45   70   85  101   67   49   39   65   50   87   14   66   32   65  114   67   52   22   56   69   72   40   63   50   84   73   70  103   47  112  109  106  117   96   75   53   63   72   64   81   82   52   65   78   62   80   70   74   50   47   76   65   84   63   79   86   47   72   64   40   67   98   43   61   92   64   67   62   89
   54   40   88   64   96   46   83   45   22   93   34   58   60   91   51   47   49   80   38   76   53   71   61   55   72   63   94   77   74   73   41   27   56   71   87   51   49   39   49   40   79   32   63   50   47   96   49   60    4   38   51   79   58   45   32   74   78   56   89   29   94   93   96  111   91   59   35   81   60   53   64   64   34   61   96   80   62   60   61   40   37   74   83   86   45   70   76   65   59   46   22   49   80   61   43   84   82   49   46   84
   47   55  103   79  111   61   88   30    7   84   49   62   45   79   36   32   34   65   53   80   68   79   76   70   82   74   83   66   69   81   56   12   41   56   72   36   40   30   34   25   67   47   78   65   56  105   63   74   19   42   55   64   73   56   43   59   63   41   74   14   94   99  102   96   83   44   20   66   75   64   73   79   49   46   84   95   71   45   71   25   22   60   72   71   30   71   64   80   47   60   37   52   75   50   35   75   71   34   31   69
   69   77  125  101  133   83  110   52   29  106   71   84   67  101   58   54   56   87   75  102   90   86   96   92  104   96  105   88   91  103   78   34   63   78   94   58   62   52   56   47   89   69  100   87   78  127   85   91   41   64   77   86   95   78   65   81   85   63   96   36  116  121  124  118  105   66   42   88   97   86   95  101   71   68  106  117   93   67   93   47   44   82   94   93   52   93   86  102   69   82   59   74   97   72   57   97   93   56   53   91
   93   96  144  120  152  102  127  101   78  140   74  114  109  143  107  103  105  136   94  114   93   57   47  111  128   98  148  131  128  129   97   83  112  127  125  107  103   93  105   96  135   76  117   94   95  123  105  116   60   94  105  134  102   80   88  130  134  112  145   85  150  149  152  149  147  115   91   70  111   94  118  118   90  117  148  124   83  116  117   96   93  116   87  106  101   72   79  109  115  102   78   76  123  105   99  140  126  105  102  140
   50   88  118   93  121   69   84   87   78   97   31   95   92  120   83   79   77  105   76   84   50   14    4   73   99   55  110  119  122   94   70   73   70   85  101   82   77   67   83   78  106   33   85   51   96  134   87   86   69   79  102   91   59   37   50  110   92   84  117   83  117  128  131  133  109   85   73   27   68   71  100  129   84   93  125   81  105   98   93   78   75   73   44   63  104   94  101   66   97   84   60   33   85   62   96  122   83  103   80  118
   63   83  117   92  124   86   74   82   67  110   79   78   77   97   50   46   48   79   66   96   97   99   94   97  115   71   38   55   58   94   95   66   55   70   86   52   56   46   50   35   83   77   96   59   72  124   77   88   76   58   51   74  103   53   40   75   77   55   88   46  126  115  118  110   99   60   80   90   96   61   89  125   74   62  102  125  102   61  104   41   38   76   76   57   76   91   98   74   63   74   50   57   91   82   81   89  103   66   47   85
   99   55  103   98  130  123  134  116   99  124   96   93  116  146   93   89   91  122  103   91   97  129  123   70   87  111   78   93   96  112  118  104   98  113  129   83   99   89   91   90  123   94   85  101  116  130  114  131   81   73  112  129  113   93   80  124  120   98  131   95  169  160  162  153  139  101  112  116   75  101  133  132  111  105  151  135   96  110   76   90   87   91  118  120  111   98   91  106  112  111   87   97  108   96   60  101  117  115   88  126
   91   86  134  110  142   92  102   91   68  116   71  104  106  111   71   67   69   91   84   67   90  104   98   80  118   99  136  119  118   96   64   73   76   91  107   71   81   80   69   78   55   69   17   69   91  110   91  106   50   84   90   77   45   81   68   97   98   76  109   75  121  135  138  122  111   53   81   91   83   47   97  108   80   83  116   67   90  101  107   81   78  116  104  123   91   79   86   84   75   88   68   85  116   82   89  105  103   95   66  104
   85   56  104   88  120  103  115   84   87   95   92  106   69  103   68   64   66   97   96   20   73   90  100   41   84  116  133  116  116  103   71   82   65   80   96   68   80   70   66   75  102   94   64   82   55   83  107  106   94   86   87  114   92   98   90  105   95   73  106   86  137  128  131  109   98   50  100   77   36   89  106  116   56   80  108  114   43   99   95   80   78  116   94  113   77   32   39   67  102  104   80  102   69  116   97  107  134   80   63  101
  121  100  131  106  136  127  152  104  109  139  104  118   78  112  116  112  111  142  108   88   85   88   78   85  107  115  145  128  125  120   88  114  104  110   94  110  114  104  116  101  137  106  111  124   64   92  119  126   91   98  135  140  132   97   84  114  140  118  131  106  146  151  154  118  142  111  122  101   90   63  113  130   80  118  117  126   52  114  105   95   98  136  118  127   86   41   48  115  117  116   92  101   92   98  121  155  119   89  113  151
  106   85  116   91  121  112  137   89   94  124   89  103   63   97  101   97   96  127   93   76   70  103   93   70   92  100  130  113  110  105   73   99   89   95   79   95   99   89  101   86  122   91   96  109   49   77  104  111  100   83  120  125  117   82   69   99  125  103  116   91  131  136  139  103  127   96  107  116   75   48   98  115   65  103  102  111   37   99   90   80   83  121  105  112   71   26   33  100  102  101   77   86   77   83  106  140  104   74   98  136
   94   72  115   90  122   84  106   61   74   94   81   88   94   89   71   67   65   96   64   93  100  102   92   84  104   69  116  113  116   74   42   69   58   73   89   64   74   77   71   72  103   79   65   79   80  108   75  105   74   68   90  111   93   51   38   98   94   72  105   77  122  105  108  121   97   65   91   91   79   17   67  103   72   85   94  115   68   92   93   66   69   95   74   93  102   57   64   94   85   72   48   55  107   52   75  110   73   97   68  106
   37   62   95   78  110   74   78   56   41   84   57   52   51   71   24   20   22   53   59   70   71   73   83   71   94   79   67   50   53   64   51   40   29   44   60   26   30   20   24    9   57   59   70   60   46  100   53   62   53   32   43   30   62   61   53   49   51   29   62   20  100   89   92   84  108   34   54   64   70   64   63   99   67   36   76   84   77   35   83   15   12   43   72   91   50   69   76   75   37   50   43   65   65   56   55   63   77   40   21   59
   70   95  128  111  143  105   88   89   71   70   57   85   84  104   57   53   55   86   92   75   76   94   84   96  121   77  100   83   86   50   18   73   62   77   93   59   63   53   57   42   75   55   37   55   79  103   86   93   63   65   76   63   65   93   80   82   84   62   95   53  109   92   89  117  131   67   84   97   91   59   96  123   93   69  109   87  110   68  115   48   45   71  100  119   80  102  109   70   70   83   76   97   98   84   85   51   94   73   54   92
   52   74  116   95  127   80   93   49   26  103   68   67   50   84   45   41   43   74   72   85   86   88   95   86  101   93   88   71   74   86   63   31   50   65   81   47   45   35   45   30   72   66   82   75   61  110   68   79   38   47   64   69   92   75   62   64   72   50   83   19   99  104  107  105  102   55   39   79   91   79   78   98   68   51   89  114   76   50   90   30   27   65   77   76   35   80   83   90   52   65   56   71   80   55   40   81   76   39   42   80
   40   62  104   83  115   68   81   37   14   91   56   55   38   72   33   29   31   62   60   73   74   76   83   74   89   81   76   59   62   74   63   19   38   53   69   35   33   23   33   18   60   54   76   63   49   98   56   67   26   35   52   57   80   63   50   52   60   38   71    7   87   92   95   93   90   43   27   67   79   67   66   86   56   39   77  102   64   38   78   18   15   53   65   64   23   68   71   78   40   53   44   59   68   43   28   69   64   27   30   68
   47   81  126  112  144  113  120   82   59  120   67  100   83  117   57   53   55   86  105   67   86   72   62   66  109  113  121  104  107  119  105   64   62   77   93   57   74   64   55   63   93   69   55   87   94  143  101   95   71   80   76  102   83   95   95   97   84   62   95   52  132  127  130  117   97   39   72   74   71   85  111  131  101   69  122  105  106   83  120   63   60   98   91  109   68  101  108  102   85   98   89   91  104   88   73   96  109   72   52   90
   37   72  111   86  118   80   66   89   69   69   17   81   92  102   71   67   69   87   60   89   36   54   44   68   86   85  114   97  100   84   52   74   76   91  107   73   64   54   71   56   88   15   67   33   81  118   71   81   51   61   86   73   41   67   54   82   74   76  109   61  128  122  119  118   97   81   82   64   73   75   82  111   68   77  107   63   91   76   75   50   53   91   66   85   91   80   87   48   70   68   44   71  100   44   80  108   65   81   68  106
  102  120  143  130  162  117   83  116   93  128   88  122  121  134   72   68   66   97  129  130  107   88   98  119  136  124  134  120  123  108  105   88   73   88  104   74   94   90   72   79  127   86  118   68  116  162  123  106  119   96   91  118  112  106  103  119   95   73  106   90  165  159  162  128  152   82  108   75  114  124  133  153  124   86  139  134  136  105  125   85   82   87   58   39   80  125  132   83  107  120  113  110  135   80  116  111  101  110   69  107
   49   73  121   96  113   61   24   80   71   95   29   63   81   95   60   56   58   89   70   71   48   66   56   60   98   75   88   86   89   78   46   75   65   80   96   62   60   50   60   45   76   27   61    9   70  124   77   88   63   37   79   84   53   57   44   73   86   65   98   50  108  113  116  120  103   70   84   76   55   65   87  123   78   66  100   75  103   65   87   39   42   80   78   97   80   92   99   24   61   74   54   61   80   56   76   99   77   70   57   95
   76   60   94   69  101   63   51   76   53   87   56   67   93   87   46   50   52   83   43   96   75   81   71   75   92   48   61   78   81  105   73   48   59   74   90   56   73   63   54   58   84   54   88   36   86  101   54   87   53   47   65   97   80   30   17   65   81   59   92   66  111  105  102  100   76   64   67   94   80   38   88  111   51   68   92  102   79   81   81   55   58   94   99   80   87   68   75   51   64   51   27   34   86   83   63   93  104   86   51   89
   86   73  116   91  113   61   98   89   80  124   75   73   63   97   85   81   83  114   83   76   70  112  102   70   87  105  128  111  110  126  110   85   90  105  119   87   79   69   85   70   79   73  117   75   49   77   94  111   82   47  100  109   99   87   77   99  108   90  116   75   79   96   99  103  127   87   93  103   75   98  100  115   65   85  102  111   37   90   76   70   67  105  109   90   49   26   19   90   92   91   67   91   77  102   86  122  123   74   82  120
   36   33   81   59   91   53   64   61   46   96   51   23   56   76   35   31   33   64   33   63   42   72   78   42   65   58   78   61   64   76   68   51   40   55   71   37   29   19   35   20   62   49   72   31   51   91   44   69   38    3   54   59   75   40   27   54   62   40   73   25  101   94   92   95   86   45   53   63   47   48   68   88   41   35   81   97   65   40   54   20   17   55   80   96   55   54   61   46   42   41   17   44   70   61   36   74   82   45   32   70
   22   47   90   65   97   65   69   47   32   82   42   37   42   62   21   17   19   50   47   55   56   58   68   56   79   70   64   47   50   62   66   37   26   41   57   23   15    5   21    6   48   44   58   45   37   91   44   55   44   17   40   45   70   52   41   40   48   26   59   11   91   80   83   81  100   31   39   49   61   55   54   90   55   21   67   92   63   26   68    6    3   41   66   82   41   60   67   60   28   41   31   56   56   47   46   60   68   31   18   56
   34   59   98   77  109   71   75   45   22   88   54   49   30   64   27   23   25   56   56   67   68   70   80   68   91   76   70   53   56   68   71   27   32   47   63   29   27   17   27   12   54   56   70   57   43   90   50   61   34   29   46   51   82   58   50   46   54   32   65    1   81   86   89   87   98   37   35   61   73   61   60   94   64   33   69  104   56   32   80   12    9   47   57   72   31   66   73   72   34   47   40   62   62   35   36   66   56   19   24   62
   64   34   82   83  115   88   85   94   78   73   44   58   74  108   62   58   60   91   68   30   25   68   71   19   62   90  104   87   84   93   74   78   67   66   82   64   59   49   62   47   94   46   78   52   57   88   79   85   60   38   81   86   72   75   62   87   89   67  100   58  128  127  127  114  121   66   83   55   14   76   74  107   76   70  113   94   48   69   73   53   50   88   72   91   82   37   44   37   74   76   52   79   39   75   71  101   96   78   59   97
   62   24   72   93  116   87   75  100   86   63   54   68   84  118   72   68   70  101   78   20   35   58   68    9   52   96  114   97   94   83   79   88   77   76   92   70   69   59   72   57  104   56   72   42   67   98   89   95   68   48   91   96   82   80   67   97   99   77  110   68  135  137  137  124  114   56   91   45    4   66   84   97   86   80  123  104   58   59   63   63   60   91   62   81   92   47   54   27   84   86   62   81   29   84   65  106  105   88   69  107
   90   84  113   88   56  108  123  133  110  123   70  116  128  159  108  104  106  134  126   80   51  107   97   69   99   92  140  123  120  141  109  115  113  128  144   98  117  107  106  106  126   72  124   90  115  146  137  138   84   96  127  130   98   96  109  142  131  113  146   97  142  159  162  165  143  116  123  105   64  126  132  144  120  120  164  120  106  119   88  108  105  139  115   96  127   95  102   87  130  134  110  100   89  101  108  147  122  117  103  141
   52   47   95  103   94   96   85   95   72   98   32   78   90  121   85   81   83   96   88   66   13   69   59   45   61   76  124  107  104  103   71   77   90  104  120   75   79   69   83   70   88   34   86   52   77  108   99  100   46   58  101   92   60   58   71  104   93   90  123   59  120  135  138  127  105   92   85   79   50   92   94  106   82   90  126   82   68   90   50   70   67  101   77   58   89   57   64   66   92   96   72   62   77   63   70  111   84   79   80  118
   63   36   84  109  105   90   96   88   65  105   43   74   98  127   74   70   72   85   84   72   24   74   70   51   50   65  120  112  115  111   82   70   79   94  110   64   80   70   72   71   99   45   97   63   84  112   95  104   57   54   93  103   71   47   60  105  101   79  112   70  131  141  143  116   94   82   78   83   56   81  105   95   71   86  132   93   72   91   39   71   68   90   66   47   88   61   54   55   93   92   68   51   88   74   59  100   95   90   69  107
   64   37   85  110  106   89   97   89   66  106   44   75   99  128   75   71   73   86   85   73   25   75   71   52   51   64  119  113  116  112   83   71   79   94  110   65   81   71   73   72  100   46   98   64   85  113   96  103   58   55   94  104   72   46   59  106  102   80  113   71  132  142  144  117   95   83   79   82   57   80  106   96   72   87  133   94   73   92   40   72   69   91   65   46   87   62   55   54   94   93   69   50   89   75   60  101   96   91   70  108
   55   41   89   65   97   47   84   46   23   94   35   59   61   92   52   48   50   81   39   77   54   72   62   56   73   64   93   76   73   74   42   28   57   72   88   52   48   38   50   41   80   33   62   51   46   97   50   61    5   39   50   80   59   46   33   75   79   57   90   30   95   94   97  112   92   60   36   82   61   54   63   63   35   62   97   81   63   61   62   41   38   75   84   87   46   69   76   66   60   47   23   50   79   62   44   85   83   50   47   85
   95   81  129  105  137   87  124   86   63  134   75   99  101  132   92   88   90  121   79   99   94   72   62   96  113  101  133  116  113  114   82   68   97  112  128   92   88   78   90   81  120   73  102   91   86  137   90  101   45   79   90  120   99   83   73  115  119   97  130   70  135  134  137  152  132  100   76   85  101   94  103  103   75  102  137  121   98  101  102   81   78  115  102  121   86   87   94  106  100   87   63   87  119  102   84  125  123   90   87  125
   74   59   98   81  111   59   96   62   39  116   80   79   79  101   39   35   37   68   55   95   87   67   57   74   78   34   89   87   90  108   91   44   44   59   75   29   49   57   37   46   94   78   83   82   75  101   66   73   65   59   58   85  104   16   29   86   66   44   77   57  107  115  114   99   88   47   56   80   79   50   92  123   63   51  106  123   87   72   80   52   49   87   97  108   76   90   84   97   74   63   39   20   72   93   75   78  114   77   34   72
   53   38   77   80  112   80   94   60   37  107   73   68   67   80   18   14   16   47   75   74   80   88   78   53   70   55   83   66   69   87   85   32   23   38   54    8   28   36   16   25   73   75   62   76   62   80   69   56   63   48   37   64   90   37   50   65   45   23   56   36  116  105  108   78  102   26   54   80   58   71   79  103   68   30   85  102   92   51   59   31   28   66   94  103   64   81   74   77   53   66   59   41   81   72   61   57   93   56   13   51
   63   19   67   92  124   87   98   79   56   88   60   57   86   99   37   33   35   66   67   55   61   93   87   34   51   74  102   85   88   94   82   51   42   57   73   27   47   53   35   44   92   58   81   65   81   99   78   75   45   37   56   83   84   56   44   84   64   42   75   55  135  124  126   97  103   45   73   80   39   65   98   96   75   49  104  106   73   70   40   50   47   73   97   84   83   62   55   70   72   75   51   60   72   78   42   76   99   75   32   70
   61   48   96   97  129   96   99   80   65   87   58   72   75   95   48   44   46   77   82   44   39   82   85   33   76  103   91   74   77   95   88   64   53   52   68   50   54   44   48   33   81   60   92   66   70   98   77   86   74   52   67   72   86   85   76   73   75   53   86   44  114  113  116  108  132   58   78   69   28   88   87  121   90   60  100  108   62   59   74   39   36   74   86  105   74   51   58   51   61   74   66   89   53   80   76   87  101   64   45   83
   72   73   76   51   83   78  115   77   75   94   77   72   23   57   80   76   78  100   71   42   58  108  104   58   80   86  116   99   96  114  106   80   85  100  116   82   65   55   80   65  106   79  106   97   37   37   82   97   69   71   99  104   99   68   65   59   85   85   76   54  116   99  102   69   93   90   88   99   58   86   86   91   31   69   62   77    3   65   78   65   62  100  110  100   59   14   21   88   86   79   55   72   43   88   89  119   88   34   77  115
   11   55   79   54   86   80   84   80   58   97   31   70   75   95   54   50   52   83   80   71   50   25   35   60  103   89   97   80   83   95   70   53   59   74   90   56   38   28   54   39   81   33   85   51   68  120   77   88   57   50   73   78   59   71   74   73   81   59   92   44  124  113  116  114  115   64   60   38   55   88   85  121   88   54  100   81   86   59   93   39   36   74   55   74   74   91   98   66   61   74   64   67   80   62   79   93   83   64   51   89
   49   87  110  113  145  118  122   93   70  135   69  101   84   50   51   47   49   80  104   84   88   85   95   83  119  104  116   99  102  120   93   65   56   71   87   41   61   66   49   58   90   71   52   89   93  124   98   89   96   81   70   97   80   86   96   28   54   56   89   69   85   68   71  111  114   56   87   76   88  102  110  112  101   63   55  102   90   84  108   62   61   99   93   77   94  101  108  104   82   95   88   90  114  100  104   90  121   89   46   84
   74   45   93   77  109  108  104   73   76   84   81   95   74  108   57   53   55   86  104    9   62   79   89   30   73  105  122  105  108   92   60   71   54   69   85   57   69   59   55   64   93   83   55   71   66   88  108   95   88   75   76  103   83   87   88  103   84   62   95   75  134  117  120  111   87   39   89   66   25   78  111  118   67   69  113  105   48   88   84   70   67  105   83  102   77   43   50   56   92  105   89   91   58  105   86   96  126   85   52   90
   64   62  107  100  132  100  101   64   57  101   70   79   84   86   38   34   36   67   89   48   79   71   81   47   90   94  103   86   89  103   71   52   43   58   74   38   48   47   36   45   54   68   16   68   79  109   86   76   83   59   57   76   44   76   83   64   65   43   76   53  120  104  107   98   78   20   74   58   52   66   96  123   88   50   91   66   87   68  101   48   45   83   75   94   58   82   89   83   70   83   73   80   85   89   88   77  110   73   33   71
   63   52   97   90  122   90  104   54   47   91   80   78   77   90   28   24   26   57   85   38   69   61   71   37   80   84   93   76   79   97   76   42   33   48   64   28   48   46   26   35   64   78   26   78   72  116   79   66   73   58   47   74   54   66   73   74   55   33   66   46  115   98  101   88   68   10   64   48   42   56   89  113   78   40   95   76   77   61   91   41   38   76   65   84   48   72   79   73   63   76   69   70   75   82   81   67  103   66   23   61
   80   69  114  107  139  107  121   71   64  108   97   95   94  106   45   41   43   74   89   55   86   78   88   54   97   94  110   93   96   91   59   59   50   65   81   45   65   63   43   52   81   95   43   95   89  133   96   83   90   75   64   91   71   76   63   91   72   50   83   63  132  115  118  105   85   27   81   65   59   42   92  128   95   57  111   93   94   78  108   58   55   93   82  101   65   89   96   90   80   93   73   80   92   77   98   84   98   83   40   78
   88   76  110   85  117   79   99   56   69   81   68   83  103   76   64   60   58   89   59   85   87   97   87   79  108   64  111  108  111   61   29   64   51   66   82   59   69   72   64   67   90   66   52   66   92  117   70   98   69   63   83  106   80   46   33   93   87   65   98   72  117  100  103  116   92   57   86   86   74   12   62   98   67   78   81  102   81   87   97   61   64   82   69   88   95   70   77   81   80   67   43   50  102   47   79   98   68   92   61   99
   85   72  106   81  113   75   97   52   65   85   72   79   99   80   62   58   56   87   55   86   91   93   83   75  104   60  107  104  107   65   33   60   49   64   80   55   65   68   62   63   94   70   56   70   88  113   66   96   65   59   81  102   84   42   29   89   85   63   96   68  113   96   99  112   88   61   82   82   70    8   58   94   63   76   85  106   77   83   93   57   60   86   65   84   98   66   73   85   76   63   39   46   98   43   75  101   64   88   59   97
   67   76   89   93  125   87  109   77   59  110   70   90   84  102   40   36   38   69   67   96   89   97   87   91  108   85  105   88   91   90   58   54   45   60   76   30   40   50   38   47   95   68   81   76   84  118   78   78   77   70   59   86   94   67   54   87   67   45   78   58  135  121  124  100  113   48   76   94   95   33   83  119   75   52  107  116  102   73   97   53   50   88   90  109   86   91   98   91   75   75   51   71  103   68   93   79   89   74   35   73
   73   85  131  116  115   63   66   92   77  126   71   88   87  107   60   56   58   89   95  106   83   76   66  100   99  115   79   62   59  106   74   76   65   80   96   62   66   56   60   45   81   69  103   51   82   93   89   98   89   68   79   84   95   97   86   85   87   65   98   56   81   98  101  120  144   70   90   89   97   91   99  135  103   72  112  117  113   71   88   51   48   86  106  106   86  105  103   66   73   86   79  101  101   92   91   99  113   76   57   95
   60   85  118  103  102   50   79   79   64  113   80   75   74   94   47   43   45   76   82   93   94   89   79   94  112  102   66   49   46   93   61   63   52   67   83   49   53   43   47   32   68   82   93   64   69   80   76   85   76   55   66   71  103   84   76   72   74   52   85   43   68   85   88  107  131   57   77   87   93   87   86  122   90   59   99  125  100   58  101   38   35   73  101  114   73   92   99   79   60   73   66   88   88   79   78   86  100   63   44   82
   65   87  135  111  143   93   76   90   67   58   45   97   96  102   69   65   67   98   85   63   64   82   72   84  113   89  112   95   98   38    6   62   74   89  105   71   74   64   69   54   87   43   49   43   80   91   96   81   51   71   88   75   69   81   68   94   96   74  107   65   97   80   77  120  125   79   82   92   79   47   97  111   81   81  107   91  102   80  103   60   57   59   88  107   92   97  104   58   82   93   69   85  110   72   90   63   93   85   66  104
  105  124  172  151  183  133  116  123  100   98   85  133  136  139  105  101  103  109  125   88  104  122  112  109  145  129  112   95   92   78   46  102  110  125  141  105  114  104  103   94  127   83   89   83  120  131  132  121   91  111  124   95   63  121  108  134  132  110  143  105  137  120  117  140  164   87  117  132  104   87  137  151  121  117  134   85  127  120  143  100   97   99  128  147  125  137  144   98  116  129  109  125  137  112  128  103  133  125  100  138
   91  116  145  120  133   81  118  102   95  143  105  106  105  107   84   80   82   92   94  121  108  103  113  112  148  119  127  110  113  123  112  100   89  104  120   86   84   74   84   69   61  103   57  100   94  104   57  112   99   86  103  108   77  101   88   95  111   89  122   74   99  116  119  123  147   93  108   90  117  109  111  139  102   90  102   99  120   89  137   63   66  102   73   92  104  117  124  115   41   54   78  105  119   95  109  123  116   94   81  119
   72   82  124   99  131   90   89   84   77  111   52   99  104  100   58   54   56   70  105   68   71   89   79   67  110  114  123  106  109   91   59   72   63   78   94   58   68   67   56   65   42   50    4   56   99   97   78   96   71   79   77   56   24   96   89   84   85   63   96   73  108  124  127  101   98   40   94   78   72   68  116  129  101   70   95   46  107   88  110   68   65  103   95  114   78  100  107   71   62   75   89  100  105   79  108   92  100   93   53   91
   54   81   36   11   43   67  104   98   75  110   72   71   40   74   80   76   75   93   47   97   90   68   78   90  113   72  119  106  109  121   94   72   82   97  113   82   77   67   80   65   88   70   92   79   85   99   58  108   57   51   99  104   96   54   41   91   90   68  101   70  115  109  106  124  100   90   88   81   95   62  102  115   55   83   79  118   65   85  102   59   62  100   98  117   98   76   83   94   68   55   31   58  105   99   84  119  105   51   77  115
   71   83   64   39   71  117  142  111  114  122   91  121   90  124   95   91   93  124   97   47  100  107  117   68  111  111  122  139  138  130   98  109   92  107  123   95   98   88   93   99  131   93   93  109  104  126  108  133  107  101  114  138  119   93   91  133  118   96   66  104  160  155  156  149  125   77  120   98   63  112  130  156  105  107  129  141   86  119  122   99   96  134  115  134  115   81   88   94  118  105   81   97   96  122  124  134  143  101   90  128
