50  20
  156  136  182  139   66   89  176  163  178  176  167   89  131  196  277  210  217  181  142  196  175  159  147  160  170  114  133  142  224  168  162  234  205  246  206  176  160  144  144  128  163  228  237  204  128   78  103  100   56   10
  111   91  137  157  111  134  155  118  133  161  170  134  172  157  238  192  203  136   97  151  152  136  160  159  169  151  132  141  217  123  117  189  218  241  161  144  115   99   99  140  175  194  216  159   83   33   58  145  101   55
  134  114  160  180  134  157  178  141  156  184  193  138  180  180  261  197  226  159  120  174  175  159  183  182  192  174  155  164  240  146  140  212  241  237  157  167  138  122  122  163  198  217  221  164  106   56   81  168  124   78
  230  210  227  130   57   80  167  202  217  245  254  212  219  187  268  221  228  220  216  199  227  218  158  171  181  125  144  153  235  184  178  250  216  257  222  253  230  218  191  119  154  219  228  225  202  152  177  111   67  113
  289  245  286  189  116  139  226  227  242  270  279  263  275  246  327  274  281  245  194  140  211  195  135  224  234  178  197  206  288  212  206  277  193  234  199  230  212  232  244  178  213  278  287  278  231  211  236  164  126  172
  284  221  267  211  140  163  240  203  218  246  255  239  251  268  332  250  257  221  170  116  187  171  111  200  210  154  173  182  264  188  182  253  169  210  175  206  188  208  220  200  235  279  307  254  207  235  232  140  150  196
  206  143  189  133  116  139  162  125  140  168  177  161  173  190  254  172  179  143   92   38  109   93   33  122  132   76   95  104  186  110  104  175   91  132   97  128  110  130  142  122  157  201  229  176  129  160  154   62  106  152
  226  163  206  109   92  115  145  129  144  172  179  139  149  206  230  148  155  147  116   62   85   69    9   98  108   52   71   80  162   86   80  151   67  108   73  104  130  106  118  146  173  211  207  152  105  155  130   38   82  128
  159   96  142  179  162  185  172  164  169  141  132  121   79  136  198  116  146  146   81  132  112   96   79  149  159  116  135  140  210  116  110  182  124   83    3   34   63   59  135  138  103  174  202  176  142  125  150  108  152  198
  176  113  159  196  179  202  189  181  186  158  149  138   96  119  200  133  163  163   98  149  129  113   96  166  176  133  152  157  227  133  127  199  141  100   20   51   80   76  152  121   86  157  185  159  159  142  167  125  169  215
  205  179  225  248  205  228  249  212  227  224  215  163  162  185  266  199  229  229  164  215  195  179  162  147  157  193  174  183  265  199  193  265  207  166   86  117  146  142  193  187  152  178  150   93  169  127  152  191  195  149
  202  182  228  198  125  148  216  200  185  157  148   70  112  204  285  233  263  218  183  129  156  140  124  213  223  167  186  195  277  201  195  266  182  223  179  157  186  177  190  187  222  271  243  186  140  124  149  153  115  146
  233  213  259  167   94  117  204  213  216  188  179  101  143  224  284  202  232  231  214  160  187  171  155  182  192  136  155  164  246  201  195  267  213  254  210  188  217  208  187  156  191  256  265  217  171  155  180  122   84  130
  196  176  222  173  161  184  184  147  162  190  199  168  206  242  217  135  165  165  182  227  235  221  185  163  173  135  136  127  209  150  144  216  243  238  158  189  200  184  120  199  234  229  257  217  168  118  143  149  151  140
  159  130  176   84  128  151  179  142  157  185  180  159  117  183  262  180  200  160  149  149  160  144   96  143  153  135  116  125  155   61   55  127  154  195  160  131  131  107   31  115  150  170  182  197  147   97  117  125  138  184
  228  182  185   88  129  152   86   49   64   92  101  179  210  181  205  123  134   67  155  162  146  162  143   90  100   82   63   72  154  148  142  214  201  242  184  178  149  154  124  129  148   77  105  144  200  150  175   96  139  172
  250  202  207  110  107  130   76   71   86  114  123  201  232  159  227  145  156   89  177  184  136  152  165  112  122  104   85   94  176  141  135  207  223  264  206  200  171  176  146  107  126   55   83  140  216  172  197  118  117  163
  218  189  178   81  117  140  159  154  169  197  206  215  173  193  267  185  197  172  175  146  169  153   93  140  150  132  113  122  152   58   52  124  151  192  157  128  157  166   90  125  160  138  166  194  189  156  176  122  107  153
  222  191  204  107   34   57  144  153  168  196  205  161  196  164  245  172  179  171  190  162  185  169  109  122  132   76   95  104  186  141  135  207  167  208  173  204  181  205  146   96  131  196  205  176  205  158  154   62   24   70
  133  113  159  123  123  146  228  191  206  203  194  185  143  179  260  206  217  208  153  173  174  158  135  160  170  152  133  142  194  100   94  166  193  234  183  170  145  121   57  141  176  236  221  197  121   71   96  151  113  159
  192  172  161   64   86  109  169  132  147  175  184  198  156  154  235  162  158  150  158  114  152  136   76  101  111   93   74   83  135   41   35  107  134  175  140  111  140  149   73   86  121  177  162  155  172  130  155  105   96  142
  190  161  150   53   97  120  173  136  151  179  188  187  145  165  239  157  169  154  147  118  141  125   65  112  122  104   85   94  124   30   24   96  123  164  129  100  129  138   62   97  132  166  151  166  161  128  148   94  107  153
  205  174  220  123  136  159  121   84   99  127  136  205  163  204  154   72  102  102  159  164  172  188  133  100  110   72   73   64  146  115  109  181  191  175   95  126  141  151   77  136  171  166  194  154  193  143  163   86  130  176
  227  164  210  147  116  139  145  108  123  151  160  189  147  204  130   48   78  126  149  162  166  164  109   94  104   48   67   76  158  139  133  205  167  151   71  102  131  127  101  160  171  190  205  148  205  167  154   62  106  152
  286  234  237  140  202  225  138  101  116  144  153  231  241  247  224  142  172  119  207  220  198  214  195  142  152  134  115  124  206  206  200  272  253  245  165  196  201  206  195  235  254  183  211  196  258  208  233  148  192  230
  207  155  158   61  123  146   59   22   37   65   74  152  194  168  178   96  107   40  128  141  119  135  116   63   73   55   36   45  127  127  121  193  174  215  157  151  122  127  139  156  175  104  132  117  179  129  154   69  113  151
  204  158  161   64  126  149   62   25   40   68   77  155  197  165  181   99  110   43  131  138  122  138  119   66   76   58   39   48  130  124  118  190  177  218  160  154  125  130  142  153  172  101  129  120  176  126  151   72  116  148
  257  211  214  117  179  202  115   78   93  121  130  208  250  218  234  152  163   96  184  191  175  191  172  119  129  111   92  101  183  177  171  243  230  271  213  207  178  183  195  206  225  154  182  173  229  179  204  125  169  201
  243  191  194   97  159  182   95   58   73  101  110  188  230  204  214  132  143   76  164  177  155  171  152   99  109   91   72   81  163  163  157  229  210  251  193  187  158  163  175  192  211  140  168  153  215  165  190  105  149  187
  234  214  230  133  195  218  131   94  109  137  146  224  266  223  250  168  179  112  200  196  191  207  188  135  145  127  108  117  199  154  148  220  246  287  229  223  194  199  211  228  247  176  204  189  206  156  181  141  185  178
  157  137  183  111  157  180  109   72   87  115  124  180  192  146  227  146  157   90  143  119  169  174  114  113  123  105   86   95  171   77   71  143  172  213  178  147  161  145  145  153  179  148  176  167  129   79  104  119  147  101
  171  151  194   97  159  182   95   58   73  101  110  188  206  132  213  132  143   76  157  105  155  160  100   99  109   91   72   81  163   91   85  157  158  199  164  161  158  159  159  139  165  134  162  153  143   93  118  105  149  115
  145   95  141  162  112  135  160  123  138  166  175  201  159   67  148  197  208  141  135  170  186  170  165  164  174  156  137  146  228  156  150  222  223  264  188  157  128  133  133   74  100  171  199  209  133   83  108  166  122  168
  132   82  128  172   99  122  173  136  151  179  188  188  146   54  135  210  221  154  122  176  173  157  178  177  187  167  150  159  241  164  158  230  236  255  175  144  115  120  120   61   87  158  186  196  120   70   95  153  109  155
  204  154  200  164  171  194  245  208  223  251  260  255  213  126  207  268  280  226  194  229  245  229  176  223  233  215  196  205  235  141  135  207  234  275  240  211  187  192  163  133  159  230  258  268  192  142  167  205  181  227
  245  182  217  120  164  187  240  203  218  246  255  211  169  170  251  224  236  221  214  185  208  192  132  179  189  171  152  161  191   97   91  163  190  231  196  167  196  195  119  164  199  233  218  233  228  185  169  161  174  220
  161   98  144  150  133  156  224  196  211  193  184  127   85  177  258  184  214  198  149  203  164  148  162  209  219  184  182  176  221  127  121  193  220  241  161  130  131  111   35  119  154  225  248  227  151  101   85  177  143  189
  144   81  127  133  116  139  207  179  194  176  167  110   68  160  241  167  197  181  132  186  147  131  145  192  202  167  165  159  204  110  104  176  203  224  144  113  114   94   18  102  137  208  231  210  134   84   68  160  126  172
  155   92  138  144  105  128  215  190  205  186  177   99   57  149  230  178  208  192  143  197  158  142  156  203  213  163  176  170  215  121  115  187  214  213  133  102  125  105   29  113  148  219  242  208  132   82   57  149  115  161
  214  164  177   80    7   30  117  152  167  195  204  162  155  137  218  171  178  170  189  161  177  168  108  121  131   75   94  103  185  134  128  200  166  207  172  200  180  202  127   69  104  169  178  175  201  151  153   61   17   63
  284  234  247  150   77  100  187  222  237  265  274  232  225  207  288  241  248  240  259  231  247  238  178  191  201  145  164  173  255  202  196  263  179  220  242  270  250  272  197  139  174  239  248  245  271  221  223  131   87  133
  272  222  242  145  127  150  237  213  228  256  265  278  237  195  276  203  233  231  209  155  226  210  150  182  192  174  155  164  216  122  116  183   99  140  214  192  221  230  154  127  162  227  243  236  246  210  235  179  137  183
  211  161  181   84   66   89  176  152  167  195  204  217  176  134  215  142  172  170  148   94  165  149   89  121  131  113   94  103  155   61   55  127  147  188  153  131  160  169   93   66  101  166  182  175  185  149  174  118   76  122
  176  126  172  104   31   54  141  147  162  190  199  186  191   99  180  177  202  165  166  129  200  184  124  145  155   99  118  127  190   96   90  162  182  223  172  166  159  164  115   31   66  131  159  199  164  114  139   85   41   87
  171  121  167  109   36   59  146  152  167  195  204  191  196  104  185  182  207  170  161  134  205  189  129  150  160  104  123  132  195  101   95  167  187  228  177  171  154  159  120   36   71  136  164  204  159  109  134   90   46   92
  120   70  116  160   87  110  185  148  163  190  181  178  158   66  147  222  233  166  110  164  161  145  180  178  188  155  162  171  246  152  146  218  238  243  163  132  103  108  108   49   84  155  183  184  108   58   83  141   97  143
   85   35   81  178  122  145  186  174  183  155  146  143  142  101  182  222  227  160   75  129  126  110  169  143  153  154  154  145  227  165  159  231  245  208  128   97   68   73   73   84  119  190  206  149   73   23   48  140  132  111
   70   50   96  173  137  160  171  159  168  140  131  128  144  116  197  207  212  145   90  144  111   95  154  158  168  139  158  159  241  150  144  216  230  200  120  111   82   58   58   99  134  205  191  134   58    8   33  125  142   96
   62   58  104  181  145  168  179  167  176  148  139  136  152  124  205  215  220  153   98  152  119  103  162  166  176  147  166  167  249  158  152  224  238  208  128  119   90   66   66  107  142  213  199  142   66   16   41  133  150  104
   19   82  128  224  188  211  222  210  219  191  182  179  189  167  248  258  263  196  133  187  162  146  205  201  211  190  201  192  274  201  195  267  281  251  171  144  115  109  109  150  185  256  242  185  109   59   84  176  193  147
