50  33
  137  146  185  120  150  155  169  148   85   56   97   49  108  152  141  139  107   85   84  169  105   95  140  164  122  184  141  130  127  164   83  172  187  159  229  181  173  161  165  136  153   78   49   43  116  137  133  158   73   17
  130  127  153   88  118  123  150  170  107   78   59   11   70  114  103  101   98  118  117  202  116  106  147  147   84  167  103  105   89  126   45  134  149  121  191  191  142  150  154  131  115   40   11    5   78  117  102  120   35   55
  145  154  138   73  103  108  143  185  122   93  100   52  111  132  143  142  113  135  136  221  157  147  162  162   99  182  118  140  104  141   60  131  164  162  232  211  180  165  169  146  156   81   52   46  119  158  143  135   50  106
  152  143  204  139  169  174  166  223  160  159  166  118  177  198  209  208  179  161  162  247  183  173  218  157  143  177   93  115  170  207  126  176  139  214  265  206  155  160  164  153  220  147  118  112  185  133  118  171  116  172
   79   70  137  121  124  128   93  150   87  111  151  120  136  150  149  147  110   88   89  174  110  100  145   84   70  104   20   42  107  159   78  103   66  141  192  133   82   87   91   80  147  107  108  114  151   60   45   98   84  155
  110  101  168  143  137  132  124  196  133  133  100  144   85  116  105  103   59   37   38  123   59   49   94  118   88  138   71   93  129  181  112  154  117  192  194  135  133  115  119  111  198  157  146  150  182   91   95  148  122  139
   85   76  143   86  116  121   99  164  101  117   97  141   82  113  102  100   58   36   35  120   56   46   91   93   87  113  106   84  126  178  111  144  137  185  169  110  121   90   94   86  179  143  145  147  157   66   81  134  121  136
  113  104  171  114  144  149  127  136   73  102  125  169  110  141  130  128   86   64   63  148   84   74  119  121  115  141  134  112  154  206  135  172  165  213  197  138  149  118  122  114  207  171  169  175  185   94  109  162  145  164
   94  103  170  145  115  120  126  203  146  175  215  225  200  193  182  180  176  154  153  238  174  164  209  173  205  193  153  131  149  194  183  213  184  194  264  222  168  176  180   95  188  190  213  219  204  113  128  181  189  248
   12   21   88   63   33   38   44  121   64   93  136  143  131  111  100   98  107   85   84  169  105   95  140   91  136  111   71   49   67  112  101  131  102  112  182  140   86   94   98   13  106  108  131  137  122   31   46   99  107  166
   60   69  129   64   81   86   92  169  112  118  161  143  179  159  148  146  138  133  132  217  153  143  188  139  140  159  119   97  115  160   97  116   79  154  206  147   63  142  146   61  154  156  131  137  170   79   94  147  107  178
  111  102  169  153  156  160  125  182  119  143  186  152  181  182  181  179  157  135  134  219  155  145  190  116  132  136   52   74  139  191  110  135   98  173  224  165  114  119  123  112  179  139  140  146  183   92   77  130  116  187
  105   96  163  147  150  154  119  176  113  137  180  146  175  176  175  173  151  129  128  213  149  139  184  110  126  130   46   68  133  185  104  129   92  167  218  159  108  113  117  106  173  133  134  140  177   86   71  124  110  181
   61   52  119  103  106  110   75  132   69   93  136  102  131  132  131  129  107   85   84  169  105   95  140   66   82   86    2   24   89  141   60   85   48  123  174  115   64   69   73   62  129   89   90   96  133   42   27   80   66  137
   61   52  119  110  106  105   75  147   84   93   73  117   58   89   78   76   34   12   11   96   32   22   67   69   63   89   82   60  102  154   87  150  113  161  145   86   97   66   70   62  155  119  121  123  133   42   57  110   97  112
   72   63  130  126  117  113   86  149   86  115   81  125   66   97   86   84   42   20   19  104   40   30   75   83   71  103   63   41   72  124   95  131   94  169  175  116   78   86   90   73  166  100  126  131  144   53   38   91  102  120
  117  108  175  136  125  120   85  162  101   72   29   77  115   46   35   33  112   90   89  174   90   80  125  153  141  173  133  111  142  186  105  156  119  194  245  186  103  156  160  118  193  118   89   83  156  118  108   78  113  143
  112  103  170  137  154  159  126  189  126  137   94  142  180  111  100   98  158  136  135  220  155  145  190  122  169  142  100   81  146  198  162   91   54  129  181  122   38  119  123  113  135  140  154  148  184   93   78  131  168  208
   88   79  146  113  130  135  102  165  102  131  118  157  158  135  124  122  134  112  111  196  132  122  167   98  145  118   76   57  122  174  138   67   30  105  157   98   14   95   99   89  111  116  145  151  160   69   54  107  144  204
  128  119  186  153  170  175  142  205  142  171  158  197  198  175  164  162  174  152  151  236  172  162  207  138  185  158  116   97  162  214  178  107   70  145  197  138   54  135  139  129  151  156  185  191  200  109   94  147  184  244
   85   76  143  160  130  134   99  162   99  128  170  126  155  166  155  153  131  109  108  193  129  119  164   96  148  116   76   54  119  171  138  144  107  166  199  140   91   99  103   86  160   85  114  120  157   66   51  104  138  180
   48   39  106  123   93   97   62  125   62   91  133   89  118  129  118  116   94   72   71  156   92   82  127   59  111   79   39   17   82  134  101  107   70  129  162  103   54   62   66   49  123   48   77   83  120   29   14   67  101  143
   95   86  153  163  140  144  109  166  103  132  126  159  111  142  131  129   87   65   64  149   85   75  112   16   79   36   80   58  100  152  122  147  110  162   92   33   94   13   17   96  168  118  147  153  167   76   61  114  128  165
   87   78  145  157  132  136  101  158   95  124  134  156  119  150  139  137   95   73   72  157   93   83  104    8   71   28   72   50   92  144  114  139  102  170  100   41   86    5    9   88  176  115  144  150  159   68   53  106  120  173
  141  132  199  187  184  179  155  212  149  177  147  191  132  163  152  150  106   84   85  170  106   96  141   62  125   82  126  104  146  198  156  193  156  224  154   95  140   59   63  142  230  169  182  188  213  122  107  160  166  186
  145  154  152   87  117  122  157  169  106   77  120   94  153  128  139  141   97  119  120  205  141  131  162  162   99  171  118  140  104  137   56  145  164  192  254  195  180  159  163  146  186  111   82   88  161  158  143  151   66  137
   95  104  102   37   67   72  107  119   56   27   70   52  111   78   89   91   47   69   70  155   91   81  112  112   49  121   68   90   54   87    6   95  114  150  220  161  130  115  119   96  144   69   40   46  119  108   93  101   16   87
  138  147  145   80  110  115  150  162   99   70  113   95  154  121  132  134   90  112  113  198  134  124  155   98   92   78  111  133   97  130   49  138  157  193  206  147  173  101  105  139  187  112   83   89  162  151  136  144   59  130
  161  170  168  103  133  138  173  185  122   93  136  118  177  144  155  157  113  135  136  221  157  147  178  121  115  101  134  156  120  153   72  161  180  216  229  170  196  124  128  162  210  135  106  112  185  174  159  167   82  153
  124  133  188  123  153  158  156  151   88   59  102  138  189  157  146  144  133  155  156  241  163  153  198  175  135  184  154  133  140  173   92  181  185  224  283  224  169  178  182  125  218  155  126  132  205  143  136  187  102  132
  119  128  183  118  148  153  151  146   83   54   97  133  184  152  141  139  128  150  151  236  158  148  193  170  130  189  149  128  135  168   87  176  180  219  278  219  164  173  177  120  213  150  121  127  200  138  131  182   97  127
   84   93  148   83  113  118  116  111   48   19   62   98  149  117  106  104   93  115  116  201  123  113  158  135   95  155  114   93  100  133   52  141  145  184  243  184  129  138  142   85  178  115   86   92  165  103   96  147   62   92
   68   77  144   99  113  118  100  127   64   35   78  114  165  133  122  120  109  131  132  217  139  129  174  147  111  167  127  105  116  149   68  157  129  168  238  196  113  150  154   69  162  131  102  108  178   87  102  155   78  108
   48   57  124  119   93   98   80  147   84   55   98  134  159  147  136  134  129  111  112  197  133  123  168  127   98  147  107   85  103  148   88  146  109  148  218  176   93  130  134   49  142  144  122  128  158   67   82  135   98  128
  105   96  144   79  109  114  119  187  124   95   95  104   80  111  100   98   54   32   33  118   54   44   89   82   19  102  103   93  106  143   62  137  146  202  189  130  130   85   89  106  196  121   92   98  171   86   90  143   68  134
   80   89   70    5   35   40   75  151   88   59  102   84  143  110  121  123   79  101  102  187  123  113  144  144   81  153  100  117   86  119   38   63  100  175  245  191  116  147  151   81  174  101   72   78  151   99  114  133   48  119
  167  176  157   92  122  127  162  238  175  146  175  168  109  162  151  149  166  157  156  241  155  145  190  231  168  240  187  204  173  206  125  150  187  262  312  253  203  233  237  168  261  188  159  165  238  186  201  220  135  206
  159  150  217  161  172  167  132  209  178  149  106   99   40   93   82   80  110   88   87  172   86   76  121  167  139  187  169  147  178  226  145  219  200  221  243  184  184  164  168  160  215  140  111  105  178  140  144  155  135  165
  143  134  201  181  151  146  111  188  157  128   85  120   61   72   61   59  131  109  108  193  107   97  142  188  160  208  184  162  192  225  144  232  195  242  264  205  179  185  189  144  236  161  132  126  199  144  159  134  154  186
   92   83  150  130  100   95   60  137  106   77   34   82   90   21   10    8   96   74   73  158   94   84  129  153  125  173  133  111  141  174   93  181  144  192  229  170  128  150  154   93  186  123   94   88  161   93  108   83  103  148
  107   98  165  126  115  110   75  152   91   62   19   67  105   36   25   23  104   82   81  166   80   70  115  161  133  181  143  121  143  176   95  166  129  189  237  178  113  158  162  108  183  108   79   73  146  108  118   68  103  133
  131  122  189  150  139  134   99  176  115   86   43   91  129   60   49   47  128  106  105  190  104   94  139  185  157  205  135  145  167  200  119  190  153  213  261  202  137  182  186  132  207  132  103   97  170  132  142   92  127  157
   52   61  128  103   73   78   84  161  104   97  123  171  171  140  129  127  147  125  124  209  145  135  180  131  142  151   92   89  107  152  130  171  138  152  222  180  126  134  138   53  146  148  164  170  162   71   86  139  140  170
   76   67  134  118  121  125   90  147   84  108  151  117  139  147  146  144  113   91   92  177  113  103  144   81   67  101   17   39  104  156   75  100   63  138  189  130   79   84   88   77  144  104  105  111  148   57   42   95   81  152
  114  105  172  145  159  163  128  173  110   81  123  155  177  140  129  127  151  129  130  215  151  141  182  119  105  139   55   77  142  194  113  138  101  176  227  168  117  122  126  115  182  142  143  149  186   95   80  133  119  154
   37   28   95  112   82   86   51  114   51   80  122  106  107  118  107  105   83   61   60  145   81   71  116   48   94   68   28    6   71  123   90   90   53  128  156   97   37   51   55   38  131   65   94  100  109   18    3   56   96  153
  121  115  144   79  109  114  138  161   98   69  112   78  106  108  119  121   80   58   59  144   80   70   70   70    7   90   91   93   80  117   36  125  137  176  178  119  124   73   77  122  170   95   66   72  145  105   90  127   42  113
   87   96  110   45   75   80  115  127   64   35   78   44  103   74   85   87   55   77   78  163   99   89  104  104   41  124   60   82   46   83    2   91  106  142  212  153  122  107  111   88  136   61   32   38  111  100   85   93    8   79
   48   57  124   84   93   98   80  157  100   74  117   83  142  113  124  126   94   99   98  183  119  109  143   91   80  111   94   72    7   52   41  130  131  148  199  140  115   94   98   49  142  100   71   77  150   67   75  128   47  118
   39   48  115   93   84   89   71  148   91   83  126   92  151  122  127  125  103  108  107  192  128  118  152  100   89  120   98   76   16   61   50  139  129  139  208  149  113  103  107   40  133  109   80   86  149   58   73  126   56  127
