100  67
   63   62   58   34   49   94   75   67   34   53   65   62   51   67   76   59   57   40   58   56   34   61   84   79   73   81   32   31   59   71   73   67   68   82  105   86   84   50   56   82   52   59   43  105  113   60   66   98   64   39   58   38    6   18   55   82   57   72   87   60   71   54   44   58   63   76   55   77   44   19   43   45   45   57   53  101   49   43   28   62   33   42  112   76   53   48   40   58   52   72   35   85   82   58   54   71   63   81   56   21
   72   33   43   56   73  100   65   57   61   80   55   52   66   70   79   93   75   82   54   56   49   48   84   62   38   36   76   66   51   48   44   52   83  100  124   90   98   80   57   35   75   82   75  103   95   42   48   99   86   69   48   85   53   65   70   77   52   61   72   50   61   86   71   60   65   73   67  107   66   66   79   77   50   62   88  113   71   78   67   69   80   81  136   62   75   63   55   85   84   52   82   38   71   69   60   93   73   97  103   68
   73   72   68   84   99   93   85   77   44   63   76   74   72   60   69   97   97   81   66   68   84   87  123  110   86   64   82   81   69   76   72   77   97   92  115  102   94  100   66   65   57   64   84  133  123   70   76  121   74   84   88   84   56   68  101   92   67   82  102   90  101   75   54   60   65   97   76   98   79   69   68   66   55   67   91  106   74   53   38   94   78   52  122   86   88   98   90   79   73   80   76   86  113   51   66  103   85   63   88   79
   74   57   53   68   85  100   77   69   51   70   65   62   66   42   51   88   87   81   45   43   21   60   96  100   76   48   71   78   54   60   56   62   93   87  111   90   89   69   29   47   57   64   47  109  108   55   61   96   87   64   60   85   53   65   82   87   62  100   84   62   73   61   61   51   56   83   76   84   61   66   72   70   40   52   90  113   66   72   57   98   78   71  141   71   70   35   27   57   65   64   76   82  100   51   66   49   64   78  103   76
   76   59   54   57   42   64   54   46   53   71   48   45   43   31   40   68   80   62   37   39   61   58   94   88   77   67   55  103   56   63   59   64   91   93  100  100   95   73   44   68   28   35   62   95  110   57   62   92   76   55   35   74   78   90   57   89   64   86   64   37   48   76   55   31   36   77   60   94   50   87   72   70   42   54   62   77   55   71   59   75   69   73  143   73   59   64   56   80   77   51   67  106   94   22   37   81   56   34   59   94
   93   92   88   76   87  122   83   75   64   83   93   90   76   97  106   96   99   81   83   85   76   70   34   85   98   96   70   69   89   92   88   97  110  109  135  119  111   92   86   97   84   77   81  111  143   90   96   48   95   72   51   12   44   56   29   66   87  102   80   53   60   95   74   88   93  117   96  113   69   61   84   86   75   87   91  126   74   73   58   91   74   44  114  106   78   90   82   99   93   80   76  125  113   90   82  113   88  107  106   71
   50   49   45   39   54   81   62   54   21   40   53   54   56   56   65   64   62   43   51   53   39   66   89   84   68   68   37   36   46   64   60   54   73   69   92   79   71   55   43   69   49   56   48  110  100   47   53  103   51   44   62   43   11   23   60   69   44   59   81   64   75   52   31   45   50   74   53   75   49   24   45   43   32   44   58   91   51   30   15   67   38   29   99   63   58   53   45   56   50   59   40   82   87   52   59   76   68   80   69   34
   44   43   39   54   55   81   56   48   15   34   51   48   62   50   59   82   73   58   39   37   59   65  101   86   62   44   65   66   40   40   36   48   74   63   92   73   65   77   37   45   52   59   55  108   94   41   47   90   59   58   59   61   41   53   78   63   38   59   81   61   72   52   25   39   44   69   53   75   55   54   45   43   26   38   76   75   51   30   15   71   55   29   99   57   64   73   65   56   50   44   53   82   70   46   56   80   58   74   99   64
   87   64   66   69   59   89   54   46   58   39   60   57   43   67   76   63   84   50   50   52   61   65  101   93   69   66   46   70   76   63   59   77  103   76  120   86   78   73   69   65   65   60   82   78  130   77   83   96   62   39   18   57   45   57   40   77   75   69   47   20   31   72   68   56   61   93   72   80   36   58   63   65   62   69   69   93   41   62   59   53   57   73  143   91   45   63   55   68   72   51   55   92   80   64   49   93   55   81  103   68
   74   46   50   45   90  104   82   74   51   70   62   59   58   59   68   94   64   77   81   83   66   37   73   89   65   53   77   86   58   65   61   59   79   99  125   91   99   69   46   52   74   81   64  120  124   71   77  124   91   70   60   99   77   80   82   84   59   79   89   62   73   93   61   75   80   80   74   96   65   90   82   84   56   68  100  117   70   72   57   95   72   71  141   69   74   80   72   97   91   69   74   87  105   68   64  101   86   96  121  100
   74   59   51   14   76   74   76   68   45   64   45   42   40   58   67   76   37   46   63   65   74   58   94   88   64   63   59   71   70   51   55   64   20   51   95   61   53   38   67   64   55   62   83  105  124   71   77  118   73   52   65   78   46   58   87   89   64   52   74   67   78   70   55   58   63   78   57   91   47   59   59   61   56   68   82   87   52   54   39   95   53   53  123   76   56   88   80   74   68   63   51   75   91   49   34   78   68   77  102   69
   46    7   17   54   71   74   65   57   35   54   29   26   40   48   57   67   74   65   28   30   52   52   87   36   12   52   54   84   25   48   44   26   57   74   98   64   72   75   35   53   49   56   51   93   92   39   45   83   60   47   39   78   59   71   61   51   26   79   68   41   52   60   45   34   39   47   41   83   44   72   53   51   24   36   62   87   49   52   41   43   58   55  110   36   53   66   58   64   58   52   60   64   78   43   34   68   47   71   96   82
   77   49   39    2   64   62   64   56   56   60   33   30   28   46   55   64   21   34   51   53   62   42   78   92   68   51   47   59   61   39   43   52   36   67  111   77   69   26   51   52   43   50   69   89  120   67   73  106   61   40   53   66   34   46   75   77   52   36   58   55   66   58   66   46   51   66   45   79   35   47   47   49   52   59   70   75   40   56   55   90   41   69  138   64   44   76   68   62   56   51   39   59   79   37   22   66   56   65   90   57
   69   42   36   46   24   74   26   18   40   59   48   45   59   53   62   64   69   65   41   42   64   65  101   81   61   13   41   86   54    9    5   23   76   76  100   66   74   70   52   14   50   57   53   82  109   56   62   68   73   48   46   79   66   78   64   70   45   73   51   48   55   77   50   35   40   66   60   97   53   79   68   68   41   29   70   80   58   55   40   74   62   54  124   57   62   78   70   75   67   13   60   72   39   44   53   81   60   69   94   89
   62   29   23   60   62   80   64   56   43   62   35   32   46   46   55   72   83   71   43   45   67   68  104   72   48   51   55   77   41   47   43   32   63   38   62   28   36   73   33   52   58   61   15   77  100   47   53   98   68   48   61   84   52   64   76   39   32   76   89   63   74   66   53   49   54   53   47   89   45   69   59   57   32   44   78   93   50   47   49   36   64   63  118   44   54   81   73   70   64   51   66   96   77   52   40   74   48   80  105   79
   74   72   68   75   77   27   47   39   45   64   66   63   55   31   40   86   98   80   55   57   79   58   94   99   91   60   73   88   69   56   52   70   98   93   66  100   95   84   44   61   46   53   62  124  123   70   76   89   83   67   67   85   63   51   85   93   68   83   96   69   76   66   55   49   54   95   77   89   62   78   69   67   55   67   80   40   67   54   39   95   79   53  123   86   71   93   85   70   74   44   77   79   96   40   55   99   74   57   82   88
   60   58   54   61   76   41   61   53   31   50   52   49   41   17   26   72   84   66   41   43   65   44   80   85   77   73   59   76   55   69   65   63   84   79   52   86   81   70   30   74   32   39   48  110  109   56   62   96   69   53   66   71   51   63   87   79   54   69   91   68   79   52   41   35   40   81   63   75   48   64   55   53   41   53   66   54   53   40   25   81   65   39  109   72   57   79   71   56   60   57   63   65   92   26   41   85   60   54   79   74
   66   64   60   67   82   47   67   59   37   56   58   55   47   23   32   78   90   70   47   49   71   50   86   91   83   79   65   82   61   75   71   69   90   85   46   80   87   76   36   80   38   45   54  116  115   62   68  102   75   59   72   77   57   69   93   85   60   75   97   74   85   46   47   41   46   86   65   69   54   70   57   55   47   59   72   60   59   46   31   87   67   45  115   78   63   85   77   50   58   63   65   59   92   32   47   91   66   60   85   80
   71   43   47   66   81   98   85   77   47   66   47   50   55   56   65   81   52   54   68   70   87   58   94   86   62   74   64   92   55   78   74   56   87   95  118   88   96   83   43   73   71   78   61   90  121   68   74  123   68   57   49   87   67   79   71   81   56   37   59   51   62   48   57   71   76   70   49   71   52   80   41   39   53   65   87   99   47   26   41   89   51   55  125   66   61   90   82   52   46   82   49   60   86   65   58   76   73   93  118   90
   76   48   50   53   43   73   38   30   47   38   44   41   27   51   60   47   68   36   34   36   45   49   85   77   53   50   30   81   66   47   43   61   87   60  104   70   62   65   53   49   49   56   71   62  126   73   79   80   46   23    2   41   56   68   24   61   59   53   31    4   15   56   57   40   45   77   56   64   20   57   49   51   58   53   53   77   25   46   48   42   43   62  132   75   29   47   39   52   58   35   41   76   64   48   33   77   39   67   92   81
   77   49   51   54   44   74   39   31   48   39   45   42   28   52   61   48   69   35   35   37   46   50   86   78   54   51   31   82   67   48   44   62   88   61  105   71   63   66   54   50   50   57   72   63  127   74   80   81   47   24    3   42   57   69   25   62   60   54   32    5   16   57   58   41   46   78   57   65   21   58   48   50   59   54   54   78   26   47   49   43   42   63  133   76   30   48   40   53   57   36   40   77   65   49   34   78   40   66   91   82
   75   48   42   52   30   80   32   24   46   65   54   51   65   59   68   70   75   71   47   48   70   65  101   87   67   19   47   92   60   15   11   29   82   82  106   72   80   76   58   20   56   63   59   88  115   62   68   74   79   54   52   85   72   84   70   76   51   79   57   54   61   83   56   41   46   72   66  103   59   85   74   74   47   35   76   86   64   61   46   80   68   60  130   63   68   84   76   81   73   19   66   78   45   50   59   87   66   75  100   95
   37    4    8   45   64   65   56   48   26   45   20   17   31   39   48   58   68   56   39   41   63   43   79   47   23   43   50   83   16   39   35   17   48   65   89   55   63   66   26   44   41   48   42   84   83   30   36   87   51   43   50   78   58   70   72   42   17   70   79   52   63   51   36   44   49   38   32   74   38   71   44   42   15   27   64   78   42   43   32   54   49   46  101   27   47   77   69   55   49   43   51   75   69   35   25   59   58   63   88   81
   57   47   44   51   74   96   70   62   44   63   51   48   62   62   71   71   74   19   68   70   69   86  122   71   66   58   58   72   52   46   50   53   84   92  125   91   94   67   49   59   53   60   67  106  106   53   59  110   63   64   46   78   47   59   64   60   35   66   75   48   55   33   54   67   72   55   34   56   61   60   22   24   38   26   65  109   58   37   50   78   16   46  116   65   70   75   67   37   31   57   14   89   89   58   56   61   73   86  105   70
   50   49   45   68   79   81   62   54   21   40   53   54   63   56   65   85   74   54   51   53   69   71  107   92   68   68   67   66   46   64   60   54   74   69   92   79   71   83   43   69   58   65   61  112  100   47   53  104   59   61   65   61   41   53   78   69   44   59   81   67   78   52   31   45   50   74   53   75   56   54   45   43   32   44   82   91   51   30   15   71   51   29   99   63   65   83   75   56   50   59   49   82   90   52   62   80   70   80   99   64
   80   47   37   53   77   76   89   81   60   58   31   28   42   60   69   73   76   21   65   67   71   86  122   90   66   76   60   74   59   72   68   50   81   98  122   88   96   69   61   77   55   62   75  119  118   65   71  120   75   54   59   80   49   61   81   75   50   68   88   61   72   35   70   60   65   57   36   58   49   62   24   26   50   52   67   89   54   39   54   80   18   48  118   62   58   77   69   39   33   76   16   91   93   51   36   63   70   79  104   72
   80   64   54   51   66  102   74   66   51   70   66   63   56   57   66   76   74   57   33   31    9   65  101   96   73   62   49   48   64   73   69   67   85   57  101   67   59   67   59   61   54   61   60  108  130   77   83   84   75   52   52   55   23   35   72   92   67   89   77   50   65   49   61   39   44   85   68   72   49   36   60   58   62   74   70  106   54   60   45   79   50   59  129   79   58   23   15   45   53   61   52   96   93   48   62   46   52   76   81   46
   70   54   49   52   33   72   61   53   48   61   43   40   35   26   35   29   75   23   26   28   50   53   89   49   66   55   16   64   49   60   56   59   86   88   95   78   86   56   39   54   11   18   57  104  105   52   58   81   54   23   44   71   39   51   66   84   59   79   73   46   57   47   50   26   31   69   48   70   28   52   36   38   37   49   23   85   33   51   53   82   30   60  130   66   37   64   56   51   45   48   28  101   72   17   32   75   31   45   70   62
   66   50   45   48   37   68   57   49   44   57   39   36   31   22   31   33   71   27   22   24   46   49   85   53   62   51   20   68   45   56   52   55   82   84   91   74   82   52   35   50    7   14   53  100  101   48   54   77   50   27   40   75   43   55   62   80   55   75   69   42   53   51   46   22   27   68   51   68   24   56   40   42   33   45   27   81   29   50   50   78   34   64  134   62   33   60   52   55   49   44   32   97   68   13   28   72   27   41   66   66
   23   16   20   57   76   77   68   60   27   46   32   29   43   40   49   70   80   68   51   53   71   55   91   59   35   55   62   83    2   48   47   29   60   75  101   67   75   67   27   56   42   49   45   70   84   31   37   88   63   55   62   79   59   71   82   54   29   77   91   64   75   63   37   45   50   50   44   86   50   72   56   54   16   28   66   90   54   48   33   66   61   47   93   19   59   85   77   67   61   55   63   80   81   36   37   71   70   64   89   82
   55   48   52   81   64  109  100   92   59   78   64   61   75   72   81  102  104   87   63   61   39   87  123   91   67   78   79   78   34   80   79   61   92   87  131   97   89   97   59   77   74   81   77  102  116   63   69  114   55   82   78   85   53   65  100   86   61  109  107   80   91   79   69   69   74   82   76  102   79   66   88   86   48   60   98  122   76   80   65   98   80   79  125   51   88   53   45   75   83   87   82  106  103   68   69   76   82   96  111   76
   72   44   48   43   60   99   52   44   49   68   54   51   56   57   66   80   62   69   60   58   36   35   71   75   51   23   63   56   56   35   31   49   77   93  123   89   95   67   44   22   65   72   62   90  108   55   61   94   79   56   35   74   62   74   57   82   57   69   59   37   48   76   59   61   66   78   66   94   53   79   78   76   54   55   81  110   58   70   55   75   70   69  139   67   62   50   42   72   80   39   72   51   75   66   59   80   72   94  116   81
  101   91   84   60  102  120   99   91   72   91   72   75   82  104  113   97   37   79   89   91   83   82  118  122   98   70   85   87   97   82   78   96   94   96  136  102   94   84   91   69  101  108  109   75  147   98  104  141   93   78   69  108   92  104   91  117   92   22   44   71   82   73   82   95  100   95   74   96   75  105   66   64   83   95  103  124   72   51   66  109   76   80  150  109   84   97   89   77   71   86   74   45   78   95   80  101   94  111  136  115
   77   59   59   64   54   81   23   15   48   45   55   52   38   60   69   58   79   51   45   47   56   60   94   88   64   36   41   92   73   32   28   46   98   71  115   81   73   76   64   37   57   64   82   73  127   74   80   65   57   34   13   48   67   79   31   68   68   64   42   15   22   66   58   42   47   88   67   75   31   68   64   66   59   51   64   88   36   57   54   53   58   68  138   80   40   58   50   67   73   20   56   87   72   51   44   88   50   67   92   92
   76   60   58   65   55   80   22   14   47   46   56   53   39   59   68   59   80   52   46   48   57   61   95   89   65   35   42   93   72   31   27   45   98   72  116   82   74   77   65   36   56   63   83   74  126   73   79   64   58   35   14   49   68   80   32   69   67   65   43   16   23   67   57   41   46   87   68   76   32   69   65   67   58   50   65   89   37   58   53   54   59   67  137   79   41   59   51   68   73   19   57   88   71   50   45   89   51   66   91   93
   90   74   69   79   69   94   36   28   61   60   63   60   53   73   82   73   94   66   60   62   71   75  109  103   79   49   56  107   86   45   41   59  112   86  130   96   88   91   79   50   70   77   97   88  140   87   93   78   72   49   28   63   82   94   46   83   81   79   57   30   37   81   71   55   60   96   75   90   46   83   79   81   72   64   79  103   51   72   67   68   73   81  151   93   55   73   65   82   87   33   71  102   85   64   59  102   65   80  105  107
   58   25   15   34   56   54   67   59   39   36    9    6   20   38   47   56   57   43   43   45   67   64  100   68   44   54   39   87   37   50   46   28   59   76  100   66   74   58   39   55   35   42   53  105   96   43   49   98   53   32   45   84   62   74   67   53   28   59   74   47   58   40   49   38   43   42   21   63   27   64   33   31   28   40   62   67   32   32   45   74   38   59  114   40   36   81   73   44   38   54   38   82   71   29   14   48   48   57   82   89
   50   17   11   48   67   68   59   51   27   46   23   20   34   44   53   61   71   52   52   54   74   56   92   60   36   46   53   78   29   42   38   20   51   68   92   58   66   71   31   47   46   53   45   97   88   35   41   92   56   46   59   73   53   65   64   27    2   71   84   61   72   54   37   49   54   41   35   77   41   66   47   45   20   32   67   81   46   42   27   66   49   41  106   32   50   88   80   58   52   46   47   84   74   40   28   62   62   68   93   76
   41    8    2   39   58   59   50   42   22   41   14   11   25   35   44   52   62   50   43   45   65   47   83   51   27   37   44   79   20   33   29   11   42   59   83   49   57   62   22   38   37   44   36   88   79   26   32   83   47   37   50   74   54   66   72   36   11   64   75   52   63   45   32   40   45   32   26   68   32   67   38   36   11   23   58   72   37   37   28   57   43   42   97   23   41   79   71   49   43   37   45   75   65   31   19   53   53   59   84   77
   40    7    3   40   59   60   51   43   21   40   15   12   26   34   43   53   63   51   42   44   66   46   82   50   26   38   45   78   19   34   30   12   43   60   84   50   58   61   21   39   36   43   37   87   78   25   31   82   46   38   51   73   53   65   73   37   12   65   76   53   64   46   31   39   44   33   27   69   33   66   39   37   10   22   59   73   37   38   27   57   44   41   96   22   42   80   72   50   44   38   46   74   64   30   20   54   54   58   83   76
   71   38   34   44   40   64   65   57   48   62   35   32   18   42   51   40   67   55   27   29   51   58   94   72   57   69   23   74   50   65   61   43   74   71   95   61   69   56   44   70   42   49   62   89  109   56   62   82   15   16   29   68   49   61   51   68   43   56   58   31   42   49   58   33   38   64   47   55   11   48   42   40   41   46   46   58    6   27   42   67   52   56  126   53   20   65   57   53   47   55   50   66   33   39   24   68   32   67   92   76
   85   78   68   87   90  107   97   89   56   75   56   59   68   91  100   90   77   63   77   79   97  106  142  121   97  103   73  101   81   99   95   81  109  104  127  110  106  106   78  104   88   95   96  115  135   82   88  132   77   66   79   96   76   88  101  104   79   62   84   81   92   57   66   80   85   79   58   80   61   89   50   48   67   79   96  108   56   35   50  106   60   64  134   93   70   99   91   61   55   94   58   85   95   82   67   85   82  110  134   99
  106   85   75   77   92  114  117  109   77   96   69   66   80   82   91  102  100   83   88   90   77   83  119  122  104  111   75   74   97  110  106   88  111  125  148  126  127   93   95  110   67   74   86  148   81  103  109  141  107   82  101   81   49   61   98  113   88  115  130  103  114   97   87   82   87  102   81  120   87   62   86   88   88  100   96  127   92   86   71  105   76   85  155  100   96   91   83  101   95  104   78  128  125   73   74  108  101  101   99   64
   81   53   57   52   66   92   78   70   58   77   63   60   46   35   44   66   71   72   37   39   61    8   44   95   72   60   49   72   65   72   68   66   86   99  104   89   97   76   48   59   50   57   66  115  127   74   80   92   65   42   55   79   47   35   77   91   66   86   84   57   68   87   68   43   48   87   75   83   39   64   80   78   59   71   72   96   44   65   64   93   78   78  148   76   48   75   67   91   85   65   77   94   83   44   52   92   42   72   97   74
   66   42   39   42   36   62   48   40   37   56   33   30   16   31   40   36   65   42    7    9   31   38   74   66   47   51   19   70   56   47   43   52   76   69   93   59   67   54   42   52   22   29   51   85  110   57   63   62   35   12   25   64   45   57   47   75   52   60   54   27   38   57   47   13   18   59   45   53    9   46   50   48   42   42   42   66   14   35   43   63   49   57  127   64   18   45   37   61   55   35   47   83   53   22   22   62   12   50   75   72
   85   52   43   58   54   78   79   71   57   64   37   34   32   56   65   54   81   69   41   43   65   72  108   86   71   82   37   88   64   78   74   56   87   85  109   75   83   70   58   83   56   63   76  103  123   70   76   96   29   30   43   82   63   75   65   81   56   70   72   45   56   63   67   47   52   70   49   69   25   62   56   54   55   60   60   72   20   41   56   81   66   70  140   67   34   79   71   67   61   69   64   80   47   53   38   76   46   81  106   90
   51   44   34   53   56   73   63   55   22   41   22   25   34   57   66   56   43   29   43   45   63   72  108   87   63   69   39   67   47   65   61   47   75   70   93   76   72   72   44   70   54   61   62   81  101   48   54   98   43   32   45   62   42   54   67   70   45   28   50   47   58   23   32   46   51   45   24   46   27   55   16   14   33   45   62   74   22    1   16   72   26   30  100   59   36   65   57   27   21   60   24   51   61   48   33   51   48   76  100   65
   58   55   49   53   62   92   57   49   29   48   48   51   46   64   73   66   69   43   53   55   64   68  104   96   72   69   49   80   54   66   62   58   87   77  106   87   79   69   51   68   66   73   69   81  108   55   61   99   65   42   21   60   55   67   43   65   40   54   50   23   34   37   39   53   58   71   50   60   39   68   42   40   40   52   72   96   44   27   29   61   36   43  113   70   48   66   58   33   41   54   38   77   83   60   52   77   58   86  111   78
   59   58   50   69   66   89   57   49   30   11   38   41   50   54   63   70   91   63   57   59   68   72  106   99   76   70   53   87   55   66   62   63   94   78  113   88   80   53   52   71   39   32   70   85  109   56   62   99   69   46   25   60   62   74   43   80   59   76   54   27   34   73   40   54   59   77   56   87   43   75   66   64   41   53   73  100   48   51   36   65   70   50  120   72   52   70   62   77   71   54   68   75   87   45   49   83   62   73   98   85
   96   79   72   35   85   95   97   89   72   53   66   63   61   64   73   85   58   59   72   74   87   79  115  116   98   84   68   84   76   72   76   84   69   65  105   71   63   11   51   85   56   49   69  126  130   77   83  127   82   61   67   91   59   71   85  109   84   73   95   69   76   83   82   71   76   99   78  100   56   72   72   74   62   74   90  108   61   82   78  107   66   92  162   93   65   95   93   87   81   84   64   96  100   62   55   99   77   90  115   82
   76   59   55   71   62   93   55   47   53   72   64   61   50   47   56   14   74   54   53   55   71   74   85   34   58   68   45   64   56   64   60   55   95  101  116   93  101   87   53   67   42   49   71   97  110   57   63   97   69   38   59   71   39   51   81   81   64   89   88   61   72   76   63   47   52   85   76   87   43   56   67   69   42   54    8   98   48   69   59   97   61   73  143   73   52   85   77   80   76   52   59  106   87   38   53   97   62   66   91   66
   68   51   47   65   70   85   63   55   45   64   56   53   51   39   48   22   82   62   45   47   69   66   93   42   66   76   53   72   48   66   68   56   87   93  108   94   95   81   45   75   36   43   63  105  102   49   55  100   77   46   58   79   47   59   76   73   56   95   87   60   67   68   55   39   44   77   68   91   51   64   75   77   34   46   16   98   56   66   51   98   69   65  135   65   60   83   75   72   80   60   67   98   95   30   45   89   64   58   83   74
   46   29   25   43   58   63   52   44   23   42   34   31   29   17   26   44   66   48   23   25   47   44   80   64   48   55   41   80   26   44   47   34   65   71   86   72   73   59   23   56   14   21   41   94   80   27   33   78   62   41   54   71   55   67   54   59   34   73   83   56   67   46   33   17   22   55   46   69   36   68   57   55   12   24   38   76   41   44   29   79   55   43  113   43   45   61   53   50   58   39   53   76   80    8   23   67   42   36   61   78
   67   28   38   66   59   89   54   46   56   54   50   47   43   67   76   63   53   56   49   51   61   65  101   57   33   67   46   63   46   63   59   47   78   76  119   85   78   81   56   68   65   72   72   78  113   60   66   96   62   39   18   57   38   50   40   72   47   68   47   20   31   75   66   55   60   68   62   80   36   51   69   71   45   57   69   93   41   62   60   22   63   74  131   57   45   63   55   72   78   51   61   85   80   64   49   89   55   87   96   61
   59   58   54   30   45   90   71   63   30   49   61   58   47   63   72   55   53   36   54   52   30   57   80   75   69   77   28   27   55   67   69   63   64   78  101   82   80   46   52   78   48   55   39  101  109   56   62   94   60   35   54   34    2   14   51   78   53   68   83   56   67   50   40   54   59   72   51   73   40   15   39   41   41   53   49   97   45   39   24   58   29   38  108   72   49   44   36   54   48   68   31   89   78   54   50   67   59   82   60   25
   79   51   41    4   66   64   66   58   56   62   35   32   30   48   57   66   27   28   53   55   56   48   84   94   70   53   49   53   63   41   45   54   38   69  113   79   71   20   57   54   45   52   65   95  122   69   75  108   63   42   55   60   28   40   77   79   54   42   64   57   68   52   66   48   53   68   47   75   37   41   41   43   54   61   72   77   42   56   50   84   35   64  134   66   46   70   62   56   50   53   33   65   81   39   24   68   58   67   86   51
   75   47   37   40   34   60   54   46   51   54   31   28   14   38   47   34   63   56   21   23   45   52   88   66   61   65   17   68   59   60   57   50   74   67   91   57   65   52   40   66   36   43   58   78  118   65   71   76   33   10   18   57   43   55   40   75   50   58   47   20   31   55   61   27   32   64   43   51    7   44   48   46   50   40   40   64   12   33   48   58   58   62  132   62   16   59   51   59   53   49   56   81   51   35   20   64   26   63   88   70
   69   41   31   34   28   54   53   45   45   52   25   22    8   32   41   28   57   50   15   17   39   46   82   60   55   59   11   62   53   54   51   44   68   61   85   51   59   46   34   60   30   37   52   77  112   59   65   70   27    4   17   56   37   49   39   69   44   52   46   19   30   49   55   21   26   58   37   45    1   38   42   40   44   34   34   58    6   27   42   55   52   56  126   56   10   53   45   53   47   43   50   75   45   29   14   58   20   57   82   64
   69   41   45   40   57   99   49   41   46   65   57   54   53   54   63   77   59   66   57   55   33   32   68   78   54   20   60   53   53   32   28   46   74   90  120   86   92   64   41   19   62   69   59   87  111   58   64   91   76   53   32   71   59   71   54   79   54   72   56   34   45   73   56   58   63   75   69   91   50   76   77   79   51   52   78  107   55   67   52   72   67   66  136   64   59   47   39   69   77   36   69   54   72   63   59   77   69   91  116   84
   72   44   48   43   60  102   52   44   49   68   60   57   56   57   66   80   62   69   60   58   36   35   71   78   54   23   63   50   56   35   31   49   77   93  123   89   95   67   44   22   65   72   62   90  111   58   64   94   79   56   35   74   62   74   57   82   57   75   59   37   48   76   59   61   66   78   72   94   53   79   80   82   54   55   81  110   58   70   55   75   70   69  139   67   62   50   42   72   80   39   72   54   75   66   62   80   72   94  119   84
   51   50   46   41   42   75   44   36   22   41   58   55   49   50   59   69   60   65   26   24   46   71  107   90   66   31   52   73   47   27   23   41   75   70   99   80   72   65   44   32   47   54   62  100  101   48   54   77   66   45   58   61   48   60   78   70   45   66   69   60   71   59   32   32   37   76   60   82   42   61   52   50   33   45   75   62   47   37   22   78   62   36  106   64   51   60   52   63   57   31   60   89   57   41   55   87   45   69   94   71
   60   21   31   61   78   88   70   62   49   68   43   40   54   62   71   81   80   76   56   58   54   53   89   64   40   41   64   63   39   53   49   40   71   88  112   78   86   82   49   40   64   71   65  107  106   53   59  110   74   66   53   70   38   50   75   65   40   93   77   55   66   74   59   62   67   61   55   97   61   55   67   65   38   50   85  101   65   66   55   71   69   69  124   50   70   68   60   78   72   57   71   75   92   58   48   56   75   86  100   65
  114   76   72   87   25   75   70   62   89   93   66   63   61   84   93   73   95   73   68   70   84   93  129  105   95   41   42   93   94   53   49   67  116  114  138  104  112   99   87   42   69   76  102   98  153  100  106  112   80   49   66  100   68   80   88  110   85  100   79   68   57   67   96   74   79   69   48   90   54   85   60   58   85   73   79   88   59   71   86  106   70  100  146   97   63   98   90   71   65   57   68  115   88   75   67   32   73  101  126   95
  102   69   59   74   12   62   62   54   76   80   53   50   48   71   80   60   97   60   55   57   79   86  122   92   88   49   29   80   81   45   41   59  103  101  125   91   99   86   74   50   56   63   89   85  140   87   93  104   67   36   53   87   55   67   75   97   72   87   82   55   44   54   83   61   66   56   35   77   41   72   47   45   72   65   66   75   46   58   73   93   57   87  133   84   50   93   85   58   52   49   55  108   75   62   54   45   60   88  113   82
  105   73   75   61   68   98   59   51   76   59   69   66   52   76   85   72   84   65   59   61   70   74  108  102   78   72   55  106   91   68   64   82   67   85  129   95   87   85   78   73   74   80   96   87  155  102  108   72   71   48   27   62   81   93   45   82   88   78   56   29   36   80   86   65   70   69   81   89   45   82   78   80   87   78   78  102   50   71   76   67   72   62  132  100   54   72   64   81   87   56   70  101   89   73   58  102   64   96  121  106
   47   46   42   45   46   71   48   40   18   37   54   51   53   53   62   73   64   61   30   28   50   68  104   89   65   35   56   69   43   31   27   45   77   66   95   76   68   69   40   36   51   58   58  104   97   44   50   81   62   49   62   64   44   56   81   66   41   62   73   64   75   55   28   36   41   72   56   78   46   57   48   46   29   41   79   58   51   33   18   74   58   32  102   60   55   64   56   59   53   35   56   85   61   45   59   83   49   73   98   67
   89   66   67   70   55   77   58   50   61   58   61   58   47   44   53   67   88   54   31   29   49   69  105   95   71   70   50  101   69   67   63   77  104   80  113   90   82   85   57   69   41   48   75   82  123   70   75   82   66   43   22   61   76   88   44   81   77   73   51   24   35   76   68   37   42   83   73   84   40   77   67   69   55   67   73   90   45   66   67   62   61   81  151   86   49   51   43   72   76   55   59   96   84   35   50   94   50   47   72  101
   97   69   59   62   84   82  101   93   83   80   53   50   48   66   75   84   85   89   71   73   95   93  129  112   88   98   67  118   81   94   90   72   96  115  135  105  113   86   79   99   63   70   97  133  140   87   93  126   81   60   73  112   93  105   95   97   72  100  102   75   86   84   90   66   71   86   65   99   55   92   77   75   72   84   90   95   60   76   89  111   82  103  158   84   64  109  101   88   82   88   84  123   99   57   42   86   76   85  110  117
   94   61   51   26   88   86   88   80   75   66   39   42   52   70   79   56   49   58   74   76   86   70  106   88   80   75   71   83   73   63   67   64   60   91  135  101   93   50   75   76   67   67   89  117  132   79   85  129   85   64   77   90   58   70   99   89   64   64   86   79   90   76   85   70   70   78   57   99   59   71   69   67   64   76   62   99   64   62   77  110   65   91  150   76   68  100   92   80   74   75   63   87  103   61   46   84   80   89  114   81
   82   61   61   60   77  106   69   61   59   78   72   70   60   50   59   80   79   73   37   35   13   52   88   98   74   40   63   70   62   52   48   66   94   79  119   89   81   77   37   39   58   65   55  107  116   63   69   88   79   56   52   77   45   57   74   95   70   92   76   54   65   53   69   43   48   89   72   76   53   58   64   62   48   60   86  110   58   75   65   92   70   79  149   79   62   27   19   49   57   56   68   74   92   52   66   57   56   80  103   68
   59   49   46   49   72   94   68   60   46   65   49   46   60   60   69   69   72   17   66   68   67   85  120   69   68   56   56   70   50   44   48   55   83   94  123   93   93   65   47   57   51   58   65  104  104   51   57  108   61   62   44   76   45   57   62   62   37   64   73   46   53   31   56   65   70   53   32   54   59   58   20   22   36   24   63  107   56   35   50   76   14   44  114   67   68   73   65   35   29   55   12   87   87   56   54   59   71   84  103   68
   52   35   31   63   54   88   50   42   29   48   43   40   48   42   51   68   86   35   53   55   77   69  102   51   54   38   51   86   32   26   30   40   71   77  111   78   79   69   29   39   44   51   47  100   86   33   39   90   43   44   51   81   61   55   73   65   40   79   76   49   64   49   39   47   52   61   50   72   41   74   38   40   18    6   63   98   46   50   35   85   32   49  119   49   50   91   83   53   47   37   30   82   69   38   48   77   60   66   91   84
   75   49   43   53   31   81   33   25   47   66   55   52   66   60   69   71   76   58   48   49   71   72  108   74   68   20   48   93   55   16   12   30   83   83  107   73   81   77   52   21   57   64   60   89  109   56   62   75   66   55   53   86   73   78   71   77   52   80   58   55   62   72   57   42   47   73   67   95   60   86   61   63   41   29   77   87   65   62   47   81   55   61  131   64   69   85   77   76   70   20   53   79   46   51   60   88   67   62   87   96
   69   52   47   50   63   43   59   51   46   65   41   38   36   24   33   61   73   55   30   32   54   51   87   81   70   62   48   96   49   58   54   57   84   94   93   93   96   66   37   63   21   28   55  116  103   50   55   85   69   48   56   93   71   83   76   82   57   76   85   58   69   69   48   24   29   70   53   87   43   80   65   63   35   47   55   56   48   64   52   96   62   66  136   66   52   68   60   73   70   46   60   99   87   15   30   74   49   13   38   73
   62   45   40   43   56   50   52   44   39   58   34   31   29   17   26   54   66   48   23   25   47   44   80   74   63   55   41   89   42   51   47   50   77   87   86   86   89   59   30   56   14   21   48  109   96   43   48   78   62   41   49   86   64   76   69   75   50   81   78   51   62   62   41   17   22   63   46   80   36   73   58   56   28   40   48   63   41   57   45   89   55   59  129   59   45   61   53   66   63   39   53   92   80    8   23   67   42   20   45   80
   66   47   41   45   70   98   65   57   37   56   53   50   54   64   73   74   68   35   61   63   72   76  112   90   66   76   57   84   59   72   68   50   79   85  114   88   87   61   59   76   61   68   75   89  116   63   69  107   73   50   29   68   59   71   51   57   32   62   58   31   42   45   47   61   66   71   50   68   47   72   38   40   48   60   80  104   52   35   37   69   28   51  121   62   56   74   66   41   47   62   30   85   91   55   58   77   66   81  106   82
   55   48   38   57   60   77   67   59   26   45   26   29   38   61   70   60   39   33   47   49   67   76  112   91   67   73   43   71   51   69   65   51   79   74   97   80   76   76   48   74   58   65   66   77  105   52   58  102   47   36   49   66   46   58   71   74   49   24   46   51   62   27   36   50   55   49   28   50   31   59   20   18   37   49   66   78   26    5   20   76   30   34  104   63   40   69   61   31   25   64   28   47   65   52   37   55   52   80  104   69
   39   38   34   50   65   70   51   43   10   29   42   43   52   45   54   74   63   47   40   42   50   60   96   81   57   57   48   47   35   53   49   43   63   58   81   68   60   66   32   58   47   54   50  101   89   36   42   93   40   50   54   50   22   34   67   58   33   48   70   56   67   41   20   34   39   63   42   64   45   35   34   32   21   33   69   80   40   19    4   60   44   18   88   52   54   64   56   45   39   48   42   71   79   41   51   69   59   69   80   45
   48   47   43   72   77   85   60   52   19   38   55   52   66   54   63   86   78   62   49   51   73   69   92   90   66   66   71   70   44   54   58   52   78   67   96   77   69   81   41   67   56   63   59  112   98   45   51  102   63   65   63   65   45   57   82   67   42   63   85   65   76   56   29   43   48   73   57   79   60   58   49   47   30   42   80   89   55   34   19   75   59   33  103   61   69   87   79   60   54   57   57   86   92   50   60   84   68   78  103   68
   32   31   27   56   61   69   44   36    3   22   39   36   50   38   47   70   62   46   33   35   57   53   89   74   50   50   55   54   28   46   42   36   62   51   80   61   53   65   25   51   40   47   43   96   82   29   35   86   47   49   47   49   29   41   66   51   26   47   69   49   60   40   13   27   32   57   41   63   44   42   33   31   14   26   64   73   39   18    3   59   43   17   87   45   53   71   63   44   38   41   41   70   76   34   44   68   52   62   87   52
   69   50   54   73   92  102   81   73   40   59   66   63   56   63   72   92   92   83   70   72   94   65  101   93   69   81   75   91   62   83   79   63   94   88  117   95   90   90   50   80   77   84   68   86  119   66   72  123   84   68   81   86   66   78  103   88   63   84  106   83   94   77   50   64   69   84   78   94   63   79   70   68   51   63   98  100   68   55   40   96   80   54  124   73   72  108  100   81   75   78   78  107  107   71   62  105   84   99  124   89
   46   18   22   41   60   70   64   56   23   42   34   31   24   31   40   60   60   70   47   49   62   33   69   61   37   49   43   80   30   53   49   31   62   71   97   63   71   58   18   48   46   53   36   98   96   43   49  100   57   36   49   75   55   67   71   56   31   68   78   51   62   65   33   47   52   52   46   62   31   68   58   56   28   40   66   83   36   44   29   68   63   43  113   41   40   76   68   69   63   52   65   83   75   40   30   73   52   68   93   78
   36    3    7   44   63   64   55   47   25   44   19   16   30   38   47   57   67   55   38   40   62   42   78   46   22   42   49   82   15   38   34   16   47   64   88   54   62   65   25   43   40   47   41   83   82   29   35   86   50   42   49   77   57   69   71   41   16   69   78   51   62   50   35   43   48   37   31   73   37   70   43   41   14   26   63   77   41   42   31   53   48   45  100   26   46   76   68   54   48   42   50   74   68   34   24   58   57   62   87   80
   43   15   19   38   63   73   61   53   20   39   31   28   27   28   37   63   57   67   50   52   59   30   66   58   34   46   46   77   27   50   46   28   59   68   94   60   68   55   15   45   43   50   33   95   93   40   46   97   60   39   52   72   52   64   74   53   28   65   81   54   65   62   30   44   49   49   43   65   34   65   55   53   25   37   69   86   39   41   26   65   60   40  110   38   43   73   65   66   60   54   62   80   78   37   33   70   55   65   90   75
   55   27   31   26   71   85   63   55   32   51   43   40   39   40   49   75   45   58   62   64   47   18   54   70   46   34   58   67   39   46   42   40   60   80  106   72   80   50   27   33   55   62   45  101  105   52   58  105   72   51   46   84   58   61   68   65   40   60   70   48   59   74   42   56   61   61   55   77   46   71   63   65   37   49   81   98   51   53   38   77   53   52  122   50   55   61   53   78   72   50   55   68   86   49   45   82   67   77  102   81
   59   31   35   30   75   89   67   59   36   55   47   44   43   44   53   79   49   62   66   68   51   22   58   74   50   38   62   71   43   50   46   44   64   84  110   76   84   54   31   37   59   66   49  105  109   56   62  109   76   55   50   88   62   65   72   69   44   64   74   52   63   78   46   60   65   65   59   81   50   75   67   69   41   53   85  102   55   57   42   81   57   56  126   54   59   65   57   82   76   54   59   72   90   53   49   86   71   81  106   85
   67   39   33   43   31   77   19   11   44   63   45   42   56   46   55   61   66   67   34   36   58   62   98   82   58   10   48   83   51    6    2   20   73   83  107   73   81   67   49   11   43   50   60   79  106   53   59   61   75   53   39   74   73   85   57   67   42   70   48   41   48   72   54   28   33   63   57   94   50   86   69   67   38   26   66   87   55   62   47   79   64   61  128   54   59   72   64   68   60    6   62   79   46   37   50   83   53   65   89   96
   80   52   42   45   39   65   64   56   56   63   36   33   19   43   52   39   56   61   26   28   50   57   93   71   66   70   22   73   64   65   62   55   79   72   96   62   70   57   45   71   41   48   63   88  123   70   76   81   38   15   28   67   48   60   50   80   55   41   57   30   41   60   66   32   37   69   48   56   12   49   53   51   55   45   45   69   17   38   53   66   63   67  137   67   21   64   56   64   58   54   61   64   56   40   25   69   31   68   93   75
   55   54   50   34   49   86   67   59   26   45   58   59   51   59   68   59   57   38   56   56   34   61   84   79   73   73   32   31   51   69   65   59   68   74   97   84   76   50   48   74   44   51   43  105  105   52   58   98   56   39   57   38    6   18   55   74   49   64   86   59   70   54   36   50   55   76   55   77   44   19   43   45   37   49   53   96   49   35   20   62   33   34  104   68   53   48   40   58   52   64   35   87   82   50   54   71   63   78   64   29
   82   66   56   53   64   95   94   86   53   72   50   47   61   61   70   66   76   59   73   75   53   76   99   86   85   95   47   46   78   90   87   69   87  101  124  100  103   69   74   96   71   78   58  120  132   79   85  113   83   54   75   53   21   33   70   94   69   91  104   77   88   73   63   77   82   83   62   96   59   38   62   64   64   76   60  108   64   62   47   81   52   61  131   81   68   67   59   77   71   91   54  112  101   70   55   89   78   98   83   48
   65   63   60   36   47   94   77   69   36   55   66   63   49   69   78   49   59   42   56   58   36   59   82   69   75   83   30   29   61   73   75   69   70   84  107   83   86   52   58   82   54   61   41  103  115   62   68   96   66   37   58   36    4   16   53   84   59   74   87   60   71   56   46   60   65   78   57   79   42   21   45   47   47   59   43   99   47   45   30   64   35   44  114   78   51   50   42   60   54   74   37   95   84   60   55   73   61   88   66   31
   80   48   50   53   43   73   34   26   51   34   44   41   27   51   60   47   68   40   34   36   45   49   83   77   53   47   30   81   66   43   39   57   87   60  104   70   62   65   53   48   49   55   71   62  130   77   83   76   46   23    2   37   56   68   20   57   63   53   31    4   11   55   61   40   45   77   56   64   20   57   53   55   62   53   53   77   25   46   52   42   47   66  136   75   29   47   39   56   62   31   45   76   64   48   33   77   39   71   96   81
   96   64   66   69   59   89   50   42   67   50   60   57   43   67   76   63   84   56   50   52   61   65   99   93   69   63   46   97   82   59   55   73   76   76  120   86   78   81   69   64   65   71   87   78  146   93   99   81   62   39   18   53   72   84   36   73   79   69   47   20   27   71   77   56   61   78   72   80   36   73   69   71   78   69   69   93   41   62   68   58   63   71  141   91   45   63   55   72   78   47   61   92   80   64   49   93   55   87  112   97
   71   43   33   36   30   56   51   43   47   51   27   24   10   34   43   30   59   52   17   19   41   48   84   62   57   61   13   64   55   56   53   46   70   63   87   53   61   48   36   62   32   39   54   75  114   61   67   72   29    6   15   54   39   51   37   71   46   54   44   17   28   51   57   23   28   60   39   47    3   40   44   42   46   36   36   60    8   29   44   55   54   58  128   58   12   55   47   55   49   45   52   77   47   31   16   60   22   59   84   66
   26   25   21   55   67   75   44   36    3   22   33   30   44   32   41   64   62   52   33   35   57   47   83   68   44   47   59   60   22   40   39   30   61   51   86   61   53   59   19   48   34   41   37   90   76   23   29   80   53   52   52   55   35   47   72   55   30   53   75   54   65   46   13   27   32   51   45   69   49   48   39   37    8   20   58   79   45   24    9   65   49   23   93   39   58   71   63   50   44   41   47   72   82   28   38   72   52   56   81   58
   21   30   26   60   72   80   49   41    8   27   38   35   49   37   46   69   67   55   38   40   62   52   88   73   49   52   64   65   27   45   44   35   66   56   91   66   58   64   24   53   39   46   42   95   81   28   34   85   58   57   57   60   40   52   77   60   35   58   80   59   70   51   18   32   37   56   50   74   54   53   44   42   13   25   63   84   50   29   14   70   52   28   98   44   63   76   68   55   49   46   50   77   87   33   43   77   57   61   86   63
   67   74   72   79   69   99   64   56   54   64   70   67   53   77   86   73   94   66   60   62   71   75  111  103   79   77   56  107   73   73   69   81   61   30   74   40   32   84   70   78   75   82   83   88  127   74   80  106   72   49   28   67   82   94   50   87   81   79   57   30   41   85   64   66   71  102   82   90   46   83   79   81   59   71   79  103   51   72   60   68   73   74  144   90   55   73   65   82   88   61   71  102   90   74   59   91   65   97  122  107
   96   63   53   66   55   86  100   92   73   74   47   44   52   70   79   88   65   54   71   73   57   97  133  106   82   71   71   96   75   83   79   66   97  105  138  104  107   90   76   72   67   74   91   68  134   81   87  126   85   64   77  103   71   83   99   91   66   80   99   79   87   48   83   70   75   50   29   71   59   84   41   39   66   78   94   99   64   52   67  112   51   81  127   78   68   71   63   52   46   87   49  103  103   61   46    2   52   72   97   94
   76   59   54   57   70   64   66   58   53   72   48   45   43   31   40   68   80   62   37   39   61   58   94   88   77   69   55  103   56   65   61   64   91  101  100  100  103   73   44   70   28   35   62  123   93   40   34   85   76   55   63  100   78   90   83   89   64   95   92   65   76   76   55   31   36   77   60   94   50   87   72   70   42   54   62   77   55   71   59  103   69   73  143   73   59   75   67   80   77   53   67  106   94   22   37   81   56   34   59   94
   37   34   38   75   94   95   82   74   41   60   50   47   61   54   63   86   98   83   65   67   89   73  109   77   53   73   80   97   16   62   65   47   78   89  119   85   91   81   41   74   56   63   59   84   98   45   51  102   81   73   80   93   73   85   96   72   47   91  109   82   93   81   51   59   64   68   62  104   68   86   74   72   30   42   80  108   72   62   47   84   79   61  107   33   77  103   95   85   79   73   78   94   99   50   55   89   84   74   99   96
