50  10
   49  137  196  215  218  208  183  180  106  141  227  190  172  149  101   62  105  162  170  180  238  176  127  169  253  191  196  200  217  211  142  174  223  178   96  194  287  200  159  180  154  125  144  174  191  160  160  114  105   66
  126  208  168  160  170  150  155  152  157  192  215  130  112  141  178  139  182  134  126  136  178  116   67  141  200  131  136  168  185  141  193  160  164  108   98  196  263  172   99  164  164  161  180  190  154  158  195  191  182  143
  188  166  106  129  119  153  138  135  160  182  183   98  116  145  182  172  131   72   64   74  132  165  129  124  166   97   92  124  141  116  137   98  182  149  151  249  321  230  161  226  211  208  198  168   92  123  160  206  209  205
  184  181  153   80   90  104   48   45  117  152  135   89  107  136  184  161  178  119  111  121  179  141   92   34  118   88   83   65   82   87  153  139  176  120   61  159  252  197  124  147  121  118  137  139  117  148  185  147  138  177
  206  159  131  102  112   82   26   23  122  157  113   67   85  114  162  149  156   97   89   99  157  155  106   12   96   66   61   43   60   65  153  133  154   98   83  181  274  211  138  169  143  140  159  139  139  161  171  125  116  155
  223  174  114  119  129   99   43   40  139  174   96   50   68   97  145  166  139   80   72   82  140  162  113   29  113   49   44   26   43   48  136  139  137   81  100  198  291  218  145  186  160  157  152  122  156  167  188  142  133  172
  232  155   95  125  135  104   62   59  153  188  115   31   49   78  126  161  120   61   53   63  121  143   94   48   99   30   25    7   24   29  117  120  118   62  119  217  290  199  126  191  179  152  133  103  162  148  185  161  152  191
  221  144   84  114  124   93   73   70  142  177  105   20   38   67  115  150  109   50   42   52  110  132   83   59   88   19   14   18   35   18  106  109  107   51  114  212  279  188  115  180  190  163  144  114  151  137  174  172  163  202
  217  140   80  110  120   89   77   74  138  173  101   16   34   63  111  146  105   46   38   48  106  128   79   63   84   15   10   22   39   14  102  105  103   47  110  208  275  184  111  176  194  167  148  118  147  133  170  176  167  206
  220  143   83  113  120   86   80   77  135  170  104   19   37   66  114  149  108   49   41   51  109  131   82   66   87   18   13   25   42   11   99  102  100   44  113  211  278  187  114  179  197  170  151  121  146  130  167  179  170  209
  236  159   99  129  136  102   96   93  148  183  120   35   53   82  130  165  124   65   57   67  125  147   98   82  103   34   29   41   58   27  115   86  116   60  129  227  294  203  130  195  213  186  167  137  130  114  151  195  186  225
  206  174  166  100   90  124   88   91   81  116  187  102  120  149  106  105  148  132  124  134  151   89  114  102  170  101   96  108  125   94   58   19  103  127   83  181  274  201  146  200  179  140  152  122   63   47   84  130  139  178
  181  167  201  135  125  109   53   56  114  149  161  137  155  157  109   70  113  167  159  169  186  124  110   67  151  136  131  122  139  129   79   54  138  151   79  177  270  215  142  165  191  158  177  157   98   82  119  158  149  188
  160  146  183  156  146  130   74   77   93  128  140  158  165  136   88   49   92  149  157  167  193  131  131   88  172  157  152  143  160  146   58   75  159  172  100  198  291  236  163  144  170  179  175  145  119   89  126  172  170  177
  174  160  197  170  160  144   88   91   80  115  126  162  179  150  102   63  106  163  171  181  207  145  145  102  186  161  156  157  174  132   44   83  167  165  114  212  305  249  177  130  156  180  161  131  133  103  140  186  184  191
  217  203  240  195  203  187  131  134  123  158   83  168  186  193  145  106  149  206  202  212  250  188  184  145  229  169  174  200  217  175   87  126  210  208  157  255  316  225  152   87  113  186  204  174  176  146  183  171  162  201
  228  194  233  184  194  198  142  145  134  158   72  157  175  204  156  117  160  199  191  201  259  199  173  156  227  158  163  194  211  186   98  137  221  219  168  266  305  214  141   76  102  175  194  185  187  157  194  160  151  190
  264  202  155   93  103  137  193  196  197  190  163  163  181  210  192  153  180  121  129  139  197  179  181  207  231  162  157  189  206  181  189  180  182  179  212  310  313  222  149   84  110  183  202  206  130  161  198  168  159  198
  270  182  134   38   48   82  138  141  170  135  218  134  152  181  165  204  167  108  100  110  168  148  197  152  202  133  128  160  177  152  194  155  180  124  179  277  368  277  204  139  165  200  181  151   75  106  143  189  198  237
  237  149  101    5   15   49  105  108  137  102  186  101  119  148  132  171  134   75   67   77  135  115  164  119  169  100   95  127  144  119  161  122  147   91  146  244  337  254  196  172  198  167  148  118   42   73  110  156  165  204
  201  161  160   85   95   75  131  134  110  145  181   96  114  143  165  154  185  126  118  128  186  124  127  143  164   95   90  102  113   66  142  131   89   33   96  194  287  232  159  224  208  164  145  115  122  106  143  189  198  218
  241  153  213  151  141  107  163  166  138  173  259  183  201  230  221  182  207  213  205  215  273  214  190  177  251  182  177  189  180  153  128  167  175  123  159  257  310  219  222  249  223  150  131  101  168  196  233  205  196  235
  162   74  134   70   60   26   82   85  152  147  216  131  149  178  177  171  128  150  142  152  210  160  139   96  180  130  125  137  148  101  188  167  124   68  108  206  299  212  171  192  166  165  184  163   87  118  155  126  117  156
  140  154  187  136  146  117  104  101   61   96  182  111   93  122  144  105  148  153  145  155  159   97   48   90  174  112  117  121  138  132   97   83  155   99   17  115  208  153   80  139  113   74   93  102  127  111  148  171  162  157
  163  131  191  141  131  140  127  124   38   73  159  134  116  145  121   82  125  175  167  175  182  120   71  113  197  135  139  144  158  131   74   60  144  105   40  138  231  176  103  162  136   97  109   79  104   88  125  171  174  180
  170   82  142  143  133  157  157  154   67  102  188  112  130  159  150  111  136  142  134  144  202  149  120  143  180  111  106  118  109   82   57   96  104  115   89  187  239  148  152  178  152   79   60   30  106  131  168  134  125  164
  232  144  204  160  150  116  172  175  129  164  250  174  192  221  212  173  198  204  196  206  264  211  181  186  242  173  168  180  171  144  119  158  166  132  150  248  301  210  213  240  214  141  122   92  168  193  230  196  187  226
  177  191  224  173  183  154  141  138   98  133  219  148  130  159  181  142  185  190  182  192  196  134   85  127  211  149  154  158  175  169  134  120  192  136   54  152  245  190  117  176  150  111  130  139  164  148  185  208  199  194
  202  216  249  198  208  179  166  163  123  158  244  173  155  184  206  167  210  215  207  217  221  159  110  152  236  174  179  183  200  194  159  145  217  161   79  177  270  215  142  201  175  136  155  164  189  173  210  233  224  219
  219  205  239  173  163  147   91   94  152  187  199  175  193  195  147  108  151  205  197  207  224  162  148  105  189  174  169  160  177  167  117   92  176  183  117  215  308  253  180  203  229  196  193  163  136  120  157  196  187  226
  226  138  198  133  143  157  101   98  123  158  188  142  160  189  192  167  192  172  164  174  213  151  145   87  171  141  136  118  135  138  113  152  160  120  114  212  295  204  177  200  174  135  116   86  162  133  170  190  181  220
  185   97  157  155  148  145  142  139   82  117  203  127  145  174  165  126  151  157  149  159  196  134  135  128  195  126  121  133  124   97   72  111  119  103  104  202  254  163  167  193  167   94   75   45  121  116  153  149  140  179
  218  137  162  115  125  105  158  155  122  157  211  126  144  173  135  126  169  128  136  146  156   94  143  144  194  125  120  132  143   96  112  140  119   63  123  221  294  203  175  233  207  134  115   85  107   76  113  159  168  207
  121  175  196  145  155  138  113  110   82  117  200  120  102  131  165  126  169  162  154  164  168  106   57   99  183  121  126  130  147  141  118  104  164  108   26  124  217  162   89  148  122   55   74  104  148  132  169  180  171  138
  120  174  195  144  154  137  112  109   81  116  199  119  101  130  164  125  168  161  153  163  167  105   56   98  182  120  125  129  146  140  117  103  163  107   25  123  216  161   88  147  121   54   73  103  147  131  168  179  170  137
  134  160  181  130  140  123   98   95   67  102  185  105   87  116  150  111  154  147  139  149  153   91   42   84  168  106  111  115  132  126  103   89  149   93   11  109  202  147   74  133  107   68   87  108  133  117  154  165  156  151
  152  178  185  112  122  136   80   77   85  120  167  121  105  134  168  129  172  151  143  153  171  109   60   66  150  120  115   97  114  119  121  107  167  111   29  127  220  165   92  115   89   86  105  126  149  135  172  147  138  169
  221  200  140  181  191  205  149  146  154  189  233  148  166  195  177  138  165  106  114  124  182  164  129  135  216  147  142  166  183  166  190  165  167  180   98  196  289  234  161  184  158  155  174  195  177  146  183  216  207  238
  177  128   68  114  124  158  157  154  110  145  161   76   94  123  105   66   93   34   42   52  110   92  139  143  144   75   70  102  119   94  132   93   95  127  170  268  335  244  171  171  197  227  209  179  105   74  111  157  166  194
  160  145   85  125  115  149  172  171   93  128  178   93  111  136   88   49   92   51   59   69  127   75  124  160  161   92   87  119  136  111  115   76  112  140  155  253  320  229  156  188  198  211  192  162   88   57   94  140  149  177
  216  158  141  136  129  126  179  176  143  178  232  147  165  178  130  105  148  107  115  125  151   89  138  165  215  146  141  153  164  117  133  132  140   84  144  242  282  191  170  235  212  155  136  106  102   71  108  154  163  202
  221  133  193  152  142  151  192  195  118  153  239  163  181  210  201  162  187  182  185  195  245  183  171  194  231  162  157  169  160  133  108  121   53  109  140  238  188   97  170  229  203  130  111   81  115  146  183  185  176  215
  230  198  161   74   64   98  114  117  105  127  213  128  146  175  127  131  174  127  119  129  172  110  138  128  196  127  122  134  151  120   82   43  127  140  107  205  266  175  170  226  203  162  143  113   37   68  105  151  160  199
  205  173  167   99   89  123   89   92   80  115  188  103  121  150  105  106  149  133  125  133  150   88  113  103  171  102   97  109  126   95   57   18  102  128   82  180  273  200  145  201  178  139  151  121   62   46   83  129  138  177
  187  147  174   99  109   89  145  148   96  131  195  110  128  157  179  140  183  140  132  142  200  138  113  157  178  109  104  116  127   80  132  117  103   47   82  180  273  218  145  210  194  155  159  129  136  120  157  199  190  204
  238  192  187  137  127  140  176  179  147  182  246  161  179  176  128  151  194  153  161  156  149   87  136  190  229  160  155  167  178  131  167  133  154   98  133  231  324  241  168  233  210  189  170  140  100   69  106  152  161  200
  238  168  163  113  103  136  180  183  153  166  242  157  157  152  104  127  170  129  137  132  125   63  112  175  225  156  151  163  174  127  143  109  150   94  143  241  308  217  144  209  186  165  146  116   76   45   82  128  137  176
  205  147  130   80   70  104  147  150  138  133  219  138  124  119   71   94  137   96  104   99   92   30   79  161  206  137  132  164  181  153  115   76  157  127  110  208  275  184  111  176  153  168  149  119   43   12   49   95  104  143
  158  179  177  123  113   79  135  138  185  180  266  184  171  166  118  141  184  143  151  146  139   77  126  149  233  183  178  190  201  154  162  123  177  121  157  255  322  231  158  223  200  215  196  166   90   59   96  142  151  190
   71  159  150  180  190  166  222  220  226  261  227  142  160  189  205  182  175  116  108   98  156  164  205  209  210  141  136  168  185  160  248  210  245  193  216  314  388  297  237  277  251  245  264  253  177  146  183  211  202  186
