100  40
   81  105   91  102   47   74   95   88   93   53   60   66   65   84   76   51   81   37   60   85   80   77   65   75  101   65   83   54   66   63   84   51   68   60   63   76   23   15   87   82   66   75   51   80   92   62   55   73   69   45   80   74   56   71   68   84   56   95   85   68    7   79   75   82   54   99  105   38   41   41   80   86   86   91   85  123  114   79   55   68  105   53   45   71   60   74   65   59  113   54   18  103   85   93  106   40   66   72   48   71
   71   74   99   73   66   76   63   70   69   64   71   73   49   79   58   70   52    8   31   56   50   48   63   45   78   67   85   61   68   28   64   79   43   25   64   47   68   60   86   84   68   72   35   79   91   69   34   56   60   64   57   51   33   44   47   55   65   66   56   70   38   46   42   71   62  105   82    9   12   25   85   93   82   75   66  111  104   69   60   87  124   60   52   50   58   44   62   30   96   56   62   88   79   67   77   11   37   72   47  103
  105  108   88  100   45  107   29   36   41   43   50   72   82   80   74   49   70   42   49   41   29   32   81   68  112   69  117   78   84   60   77   62   77   59   69   71   59   67  101   86   70   80   68  113  116   86   68   71   67   43   87   85   67   78   81   88   54   67   40   66   71   80   76   68   61  128  116   42   45   58   77   92   92   81   75   90  112   77   94   66  103   59   67   84   81   67   79   41   85   90   96  122   83   63   72   44   70   54   58  114
   15   39  134   90   76  103   69   62   67   82   89   91   98   95   98   80   95   84  103   83   95   98   92   69  111   96  112   92   94   60  102   67   83   65  104  108   90   98   72  113   97  111  102   53   46   76   65   99   98   74   84   78   66   57   54  131   85   70   97   94   89   89   85   56   96  137  115   85   88  101  112   95  113   96  104  156  118   83   67   97  134   94   99   51   82   68   86  106  111   83  114   81   93   80  111   87  113  104   86  142
   23   47  133   98   68   95   61   54   59   74   81   99  106  103   90   72  103   78  101   91  103  106   95   77  118   94  104  100  102   52   99   75   75   57   99  115   82   90   80  111   95  103   94   45   54   84   73   93   90   66   76   70   73   65   62  125   77   78  105   92   97   97   93   64   91  145  122   79   82   95  115  103  120   88  101  162  116   81   75   89  126   89   97   59   90   76   94  100  103   75  107   89   91   88  109   81  107   96   94  150
   98  114  122  101   74  116   41   34   29   58   65   54   89   85   79   78   70   48   49   47   35   32   93   74  118   70  118  101   57   68   24   97   83   65   67   84   88   91   92   87   71   85   75   91  105   75   74   76   72   72   72   78   73   62   59   95   83   67   40   67   69   86   82   74   59  114  122   49   52   65   85   58   78   46   26   87   95   60   72   95  132   57   65   62   87   73   80   70   73   96   94  119   66   81  105   51   77   76   87  143
   54   78   80   78   64   89   97   93   93   62   69   45   97   41   46   65   26   63   47   72   67   64   80   57  109   28   76   98   81   75   50   98   72   79   68   85   78   86   71   45   29   46   83   93   85   68   71   43   47   62   46   52   70   67   70  110   73   53   72   25   93   53   57   80   60   87  109   64   67   80   70   75   86   54   48  109   49   14   83   85  122   58   66   73   53   56   38   73  137   69   75   77   24   58   79   66   92   77   92  148
   76   77   81   55   47   56   83   76   81   45   52   46   74   24   43   51   59   60   64   75   72   69   47   24   86    5   53   75   48   68   51   75   73   63   69   69   61   69   70   22    6   23   60   62   75   45   48   40   36   45   23   29   47   34   37   93   56   51   61    8   67   50   54   59   61   64   86   61   64   70   67   76   68   49   49  110   54   19   50   68  105   59   67   40   20   23    5   76  125   36   42   78   25   41   56   63   89   77   69  125
   99  114   97   86   31   89   62   55   60   47   54   33   92   71   70   45   92   65   88   80   68   71   72   85  115   73  109   80   56   84   81   60   95   79   30   34   55   63   71   90   74   76   78  106  104   74   81   67   63   39   83   89   82   93   90  112   50   92   79   70   66   62   58   58   22   95  111   66   69   68   48   53   89   85   79  129   99   64  103   62   99   20   28   87   91   84   79   80  104   80   91   96   70   54   73   68   51   15   74  130
   91  106   89   78   23   81   54   47   52   39   46   25   84   63   62   37   84   57   80   77   76   79   64   77  107   65  112   72   48   76   73   52   87   71   22   26   47   55   63   82   66   68   70  110   96   66   73   59   55   31   75   81   74   85   82  104   42   84   87   62   58   54   50   50   14   87  103   58   61   60   40   45   81   77   71  132   91   56   95   54   91   12   20   79   83   76   75   75   96   84   83   96   62   46   65   60   43    7   66  122
  100   91  119   81   77  104   93  100  105   83   90   66  112   56   77   75   80   74   66   77   73   76   87   72   92   43   91   77   65   70   73   77   83   65   74   57   91   99  108   60   44   61   98   72   77   47   50   78   74   69   25   31   49   82   85  121   81   53   80   46   98   84   80   61   71  102   88   75   78   91   97   89   83   51   71  132   92   57   98   98  135   69   77   88   68   71   53   85  149   84   90   79   63   39    8   74   48   64   71  127
   77   54   79   83   53   56   82   75   80   59   66   53   59   60   39   57   62   18   41   66   61   58   47   25   88   47   65   64   48   38   47   64   53   35   50   57   54   46   66   64   48   53   45   62   84   66   44   36   40   51   63   61   43   35   38   65   62   71   66   50   48   26   22   51   42  106   92   19   22   35   65   73   68   69   49  110   96   61   51   74  111   40   32   41   38   24   42   40  106   36   42   68   67   77   87   21   47   59   57  113
  114  122   51  113   83   88  106  108  113   89   96   76  112   83   62   81  117   86  106   98   86   89   43   71  110   79   97   91   80   84  108   97   61   79   89  106   97  105   89   96   80   76   98   94  121   98   64   59   63   81   89   83   65   81   84  114   92  102   97   82   99   49   53   79   81  122  114   87   90   88   60   80   64   86  106  147  112   77   97   52   89   79   76   87   56   70   79   98  157   68   74  112   83  100  122   89  110   98   85  141
   80   66   67   73   41   68   70   63   68   47   54   41   71   48   27   45   74   30   53   66   73   70   59   37  100   59   77   76   46   50   59   52   65   47   38   55   55   58   54   74   58   41   57   74   87   64   56   24   28   39   65   71   55   47   50   77   50   59   78   60   58   14   10   39   30  103  104   31   34   47   53   61   80   68   61  122   88   53   63   62   99   28   20   53   50   36   54   52  112   48   54   56   59   65   96   33   59   47   69  125
   85   71   72   78   46   73   65   58   63   52   59   36   76   53   32   50   79   35   58   71   78   75   64   42  105   64   82   81   51   55   64   47   70   52   33   50   60   63   59   79   63   46   62   79   92   69   61   29   33   44   70   76   60   52   55   82   55   64   83   65   53   19   15   44   25   98  102   36   39   52   51   56   85   73   66  127   93   58   68   67  104   23   15   58   55   41   59   57  107   53   59   61   64   63   94   38   64   42   74  130
   81   84   99   83   56   86   60   67   72   54   61   83   51   86   68   60   56   12   35   52   40   43   73   55   82   71   87   47   73   38   77   73   53   35   63   51   70   64   96   88   72   74   37   83   85   55   38   66   70   54   61   55   37   48   51   57   51   70   51   74   42   56   52   79   72  107   86   11   14   27   88  103   86   79   79  101  120   85   64   77  114   70   62   54   66   54   71   10   76   66   67   98   91   71   79   13   39   75   27   83
   77   74   77   65   57   46   73   66   71   55   62   56   84   34   53   61   69   50   73   85   82   79   37   25   96   15   55   85   38   70   61   85   83   67   79   79   71   65   80   32   16   33   70   52   84   55   58   50   46   55   33   39   57   35   38   97   66   61   71   18   57   58   54   69   71   74   96   51   54   67   66   74   58   59   59  120   64   29   51   78  115   69   64   41   10   24   15   66  115   26   32   88   35   51   66   53   79   87   79  121
   65   42   91   90   65   68   94   87   92   71   78   65   71   59   48   69   74   30   53   78   73   70   59   13   90   40   77   76   60   50   59   74   65   47   62   69   66   58   67   57   41   58   57   58   72   78   56   48   52   63   58   64   55   23   26   77   74   83   65   43   60   38   34   63   54   99   94   31   34   47   56   69   71   81   61  122   89   54   39   86  121   52   44   29   26   12   30   52  118   48   54   80   60   76   75   33   59   71   69  125
   99   75  115   97   82  119  103  103  108   98  105   81  101   72   93   91   96   68   82   93   89   92  103   64  108   59  107   93   81   86   89   93   99   81   58   41   94  102  102   76   60   77   87   88   93   63   66   94   90   85   41   47   65   74   77  110   97   69   96   62   98   89   85   77   70  118  104   67   64   77   96   95   97   67   87  148  108   73   90  113  150   68   73   80   77   63   69   88  152   99  105   95   79   55   24   69   64   66   87  143
   57   81  113  100   96  122   95   88   93   92   99   78   80   80   79   94   87   93   85   96  105  102  106   90  111   61  109   84   68   86   76   96  102   84  101  107  110  118  104   78   62   79   66   79   80   50   69   76   80   88   44   50   68   99   96  138   88   72   99   58  105   86   90   80   93  120  107   92   89   76  103  108   86   54   74  135   82   47  109  117  154   91   99   93   86   89   71  113  137  102  108  110   57   95   77   94  117  110   78  134
   75   99  102   64   60   87   95   88   83   56   63   67   95   45   64   58   57   57   49   60   69   66   70   55   75   26   74   48   32   53   40   60   66   48   78   90   74   82   91   43   27   44   81   55   44   14   33   61   57   52    8   14   32   65   68  104   52   36   63   29   69   64   63   44   70   85   71   58   61   74   90   72   50   18   38   99   75   40   81   81  118   68   76   71   51   54   36   79  127   67   73   99   46   62   41   60   81   87   42   98
   99   82  107   91   81   84  101   94   99   83   90   72   71   72   67   85   80   36   59   84   79   76   75   53   98   53   93   75   59   56   67   83   57   53   69   75   75   67   94   70   54   71   57   82   71   41   54   64   68   79   35   35   53   63   66   83   79   63   84   56   45   54   50   71   61  112   98   37   40   47   87   92   77   45   65  126  102   67   79  102  139   59   51   69   66   52   63   58  106   64   55   96   73   89   68   39   65   78   69  123
  105  108  102   96   93   84  111  104  109   99  106   99   81   94   81   97  107   63   86  111  106  103   75   55  125   75   93   84   76   53   94   66   30   48   96  102   69   61  112   92   76   93   67   90   98   68   81   84   88   91   62   62   80   65   68  110   88   90  107   78   53   81   77   98   88  134  121   64   67   57   98  112   96   72   92  153  123   88   81  114  151   86   78   71   68   54   72   85   79   64   28  113   94  111   95   66   92  105   78  117
  101  117  136  128   73  118  131  138  133   79   86  116  115  113  102   77  121   77  100  123  111  114   88   88   97   94   90   50   76   86  111  100   64   82  118  116   87   93  129  111   95  108  101  123   88   58   51   99   95   71   76   70   52   98  101  124   54  104  122   97   71  108  109  108  110  153  101   78   81   91  120  120   99   90  110  171  143  108  114   94  131  108  109  104  101   87  104   81  113   98   62  146  114  130  109   80  106  103   44  100
   64   88  118   91   36   96   94  101   96   42   49   79   81   76   65   40   84   40   63   86   74   77   51   74   60   57   53   13   39   49   74   78   64   46   81   79   50   56   92   74   58   71   67   86   51   21   14   62   58   34   39   33   15   76   79   87   17   67   85   60   34   71   73   71   73  116   64   41   44   57   83   83   62   53   73  134  106   71   82   57   94   71   72   76   82   73   67   44  110   76   59  109   77   93   72   43   69   66    7   63
   74   98  108  101   46  102  104  105  106   52   59   83   82   86   75   50   94   50   73   96   84   87   61   71   70   67   63   23   49   59   84   68   74   56   80   79   54   46  102   84   68   81   68   96   61   31   24   72   68   44   49   43   25   81   84   97   27   77   95   70   24   72   68   81   71  116   74   51   54   58   93   93   72   63   83  144  116   81   72   67  104   70   62   86   84   70   77   54  120   82   49  114   87   99   82   53   79   76   17   73
   76   59   84   78   58   61   78   80   84   64   70   58   54   65   44   62   57   13   36   61   56   53   52   30   83   52   70   64   53   33   52   69   48   30   55   52   59   51   71   69   53   58   40   67   89   64   39   41   45   56   58   56   38   40   43   60   67   71   61   55   43   31   27   56   47  110   87   14   17   30   70   78   73   68   54  115  101   66   56   79  116   45   37   46   43   29   47   35  101   41   47   73   72   72   82   16   42   64   52  108
  108  121  102   84   70   65   88   81   76   76   83   67   85   28   31   56   80   76   99  104   92   89   82   76  124   47   74  109   76   69   71  109   82   64   74   73   84   92   64   64   48   51   88   71  115   87   90   34   38   62   65   71   89   66   69  121   79   93   97   47  102   44   48   77   82  106  120   75   78   91   63   75  101   76   70  131   75   40   82   91  128   80   78   72   72   75   57   96  120   45   77   83   30   45   76   73   47   83  103  159
   95   88   88   74   81   22   75   68   73   79   86   72   91   58   73   85   93   52   75   79   91   92   39   45  106   39   31   71   40   72   81   98   87   69   80   91   75   67   94   56   40   57   77   28   75   58   60   70   70   79   57   63   61   55   58   99   90   85   95   42   59   60   56   54   68   98  110   53   56   69   42   76   60   82   83  144   88   53   71   63  100   70   66   59   30   44   39   74   93    2   34  102   59   75   90   55   81   89   81  123
   88   75   88   76   68   35   62   55   60   66   73   59   80   45   60   72   80   39   62   87   82   79   26   36   93   26   44   74   27   59   68   85   74   56   71   78   62   54   81   43   27   44   66   41   75   45   47   57   57   66   44   50   48   46   49   86   77   72   82   29   46   47   43   62   63   85   97   40   43   56   55   63   47   69   70  131   75   40   62   76  113   61   53   52   21   35   26   61  104   15   21   89   46   62   77   42   68   80   68  110
   79   93   86   78   79   53   80   73   78   84   91   41   96   63   62   81   98   55   78   71   82   85    8   41   75   44   62   56   45   51   73   81   66   48   54   71   80   72   63   61   45   62   82   59   86   63   29   59   63   77   54   48   30   51   54  102   60   78   93   47   64   57   61   44   46   87   79   56   59   72   50   45   29   51   71  132   93   58   67   87  124   44   52   57   39   40   44   77  122   33   39  107   64   68   87   58   84   63   50  106
  115  129  126  106   83  105   67   74   79   81   88   93  104  112   91   87  107   63   86   79   67   70   60   93  127   96  114  108   97   61  109  100   76   58  106  102   97  105   99  113   97  111   90  111  138  115   81   94   98   81   98  100   82   99  102  110   92  105   78   99   93  101   97   96   98  139  131   64   67   80  102   97   81  103  111  128  145  110  115  104  141   96  104  105   91   92   96   79  123   85   91  143  116  101  110   66   92   92   95  151
   66   80   99   57   79   82   79   86   85   80   87   79   55   63   42   67   58   14   37   62   57   54   47   51   84   67   91   66   74   12   60   63   27    9   58   53   74   66   73   84   68   62   41   85   97   71   40   45   49   73   49   55   39   50   53   61   70   72   62   70   44   52   48   77   68  111   88   15   18   31   74   89   84   75   62  118  108   73   66  100  137   66   58   56   64   50   68   36  102   62   68   94   80   73   82   17   43   78   46  102
   81  102   89   69   49   99   67   69   74   55   62   31   81   37   16   35   80   67   87   67   79   82   54   74  103   48   96   88   55   52   72   71   65   47   27   44   63   71   17   63   47   30   67   89   88   73   75   13   17   41   66   72   76   75   78  100   58   74   90   47   80   23   27   40   36   77   99   68   71   77   40   35   71   76   70  131   75   40   91   70  107   34   42   81   73   73   58   80  118   79   85   93   46   54   85   70   64   53   82  138
   90  105   88   83   46   87   51   44   39   62   69   24   83   53   61   60   83   69   92   76   76   79   63   75  110   65   96   77   25   75   82   51   86   70   21   38   70   78   62   82   66   75   69   93   73   43   78   58   62   54   65   71   79   77   80  116   65   83   87   62   57   53   49   49   13   86  106   70   72   59   39   44   80   75   84  137   90   55   93   77  103   11   19   83   60   74   75   74   83   67   73   95   61   51   82   72   66   30   71  127
  104  128  124   86   81  109  101   94   99   87   94   75   87   67   56   67   85   79   71   82   91   88   92   77   37   48   96   82   70   75   78   22   58   70   69   52   95   88   83   65   49   36   73   77   82   52   55   53   49   73   30   36   54   73   76  106   86   58   85   51   66   63   67   66   64   99   33   80   83   83   82   72   88   56   76  137   97   62   89  102  139   62   54   79   73   76   58  101  143   89   91  121   68   72   63   82  103   77   76  132
   72   96  125  118   63  121   76   83   88   79   86   65  124   92   91   77  103   89   96   88   76   79   76  102  122   73  121  112   88  101   64   92  117  106   62   66   87   95  103   90   74   91  110   94  103  106  113   88   92   71   91   97  114  112  111  135   82  114   87   70   93   94   90   90   54  127  118   89   92  100   80   85  113   86   66  127   98   63  124   94  131   52   60  108   98  101   83   88  132  112  118  122   69   86  101   91   83   47  105  161
   98   95   95   77   62  119   83   83   88   78   85   61   81   58   79   76   92   48   71   82   91   88   93   84  102   77  121   81   84   74  109   85   84   71   38   21   74   82   82   94   78   95   67  108  105   83   74   78   82   70   61   67   73   84   87   90   81   89   96   80   78   87   83   57   50  123   98   47   44   57   76   81   77   87  107  152  124   89  100   93  130   48   53   90   97   83   87   68  132   99  103  115   79   41   44   49   75   46   75  131
  104  107  108   94   45  103   66   66   71   61   68   44   76   41   62   59   79   35   58   83   78   75   83   78   85   60  108   88   67   61   95   70   76   58   21    4   57   65   65   77   61   78   62  106  115   85   61   61   65   53   78   78   60   71   74   82   64   93   83   63   65   71   69   69   33  106   81   36   39   52   59   64   60   92   93  139  107   72   87   76  113   31   39   77   85   77   70   57  115   89   90  115   62   24   55   38   64   29   74  130
  104  121  120   96   59  107   52   59   64   75   82   37   84   27   48   73   93   49   72   90   82   85   81   75   99   46   94  102   81   75   90   84   90   72   35   18   71   79   79   63   47   64   76  100  111   86   75   51   55   67   64   70   74   65   68   96   78   92   93   49   79   61   65   63   47  104   95   50   53   66   73   62   46   78   88  143   93   58   81   90  127   45   53   71   71   74   56   71  108   87   93  101   48   10   41   52   78   43   88  144
   85  109  138   78   78  120   33   40   45   87   94   56  103   46   67   89  105   68   91   71   83   86   80   94  118   65  113  120   89   94   86  103  109   91   54   37   90   98   97   82   66   83   95  119   92  102   94   67   71   86   80   77   93   84   87  115   97   78   94   68   98   57   61   44   66  123  114   69   72   85   92   81   65   87   88  144  112   77  100  109  146   64   72   90   90   93   75   63   89  100  112  120   67   29   60   71   97   62  100  156
   96  120  149   89   89  131   44   51   56   98  105   67  112   57   78  100  116   79  102   82   94   93   91  105  129   76  124  112  100  105   75  114  120  102   65   48  101  109  108   93   77   94   98  119  103   94   85   78   82   97   72   66   84   95   98  126  108   89  101   79  109   68   72   55   77  134  125   80   83   96  103   92   76   97   77  138  123   88  111  120  157   75   83  101  101  104   86   74  100  111  123  131   78   40   71   82  108   73  106  162
  104  121   98   96   82  107  104  111  111   80   87   63  115   65   48   73   76   84   97  116  107  104   98   75  127   46   94  116   93   86   68  116   90   81   86   92   73   81   81   63   47   64  101  111  116   86   89   51   55   79   64   70   88   85   88  131   91   92   96   43  103   61   65   94   78  105  127   85   88  101   80   93  104   72   66  127   71   36  101  103  140   76   84   91   71   74   56  106  155   87   93   79   26   64   95   87  102   95  110  166
   66   69   94   68   68   71   68   75   74   69   76   68   44   74   53   72   47    3   26   51   46   43   58   40   73   62   80   56   63   23   62   74   38   20   59   42   63   55   81   79   63   67   30   74   86   64   29   51   55   66   52   46   28   39   42   50   60   61   51   65   33   41   37   66   57  100   77    4    7   20   80   88   77   70   64  107  109   74   55   89  126   55   47   45   53   39   57   25   91   51   57   83   82   62   72    6   32   67   42   98
   85   91   77   57   37   92   55   62   67   43   50   43   69   25    4   23   68   55   77   71   81   84   60   62   91   36   84   76   43   42   60   76   55   37   39   56   51   59   29   51   35   18   55   77   91   61   77    1    5   29   54   60   78   63   66   88   46   64   88   35   81   11   15   44   48   89   87   56   59   65   28   47   83   64   58  119   63   28   79   58   95   46   45   69   61   61   46   77  111   72   79   81   34   42   73   58   52   65   70  126
   70   94   64   62   48   73   81   77   77   46   53   29   81   31   30   49   42   77   63   82   73   70   64   41   93   12   60   82   65   63   34   82   56   63   52   69   62   70   55   29   13   30   67   77   82   52   55   27   31   46   30   36   54   51   54  100   57   58   62    9   84   37   41   64   44   71   93   78   81   77   54   59   70   38   32   93   37    2   67   69  106   42   50   57   37   40   22   89  121   53   59   61    8   46   63   80   78   61   76  132
   95  110   89   82   41   98   64   57   52   25   32   54  106   56   55   45   63   74   57   68   68   65   72   66  106   37   85   79   63   57    9   88   80   62   77   90   55   63   80   54   38   55   92   86   75   45   64   52   56   39   39   45   63   76   79   94   50   44   71   34   85   62   66   56   69   96  102   75   78   91   79   80   45   13    7   68   62   27   92   62   99   67   75   82   62   65   47   89   96   78   84   86   33   71   72   77   60   71   73  129
   58   82  160  109  109  144  125  118  123  115  116   80  103  114  101  113  114   70   93  102  113  110  103   88  130  115  126   86  112   96  100  120  106   93   93   96  115  107  102  132  116  115   89  105   65   94   84   98  102  107  109  103   85   76   73  115   90  109  118  118   85  108  104   75   85  126  134   69   66   79  111   84  120  104   98  159  146  111   86  130  167   83   91   70  101   87  105   90  156  124  110  124  117  107  137   71   97  102   80  136
   12   36  122   63   74  105   96   89   94   72   79   64   71   68   75   78   90   64   76   56   68   71   65   42   84   69  105   65   67   74   94   81   87   69   77   94   88   96   86   86   70   87   85   59   19   49   38   72   76   72   63   57   39   30   27  111   69   63   79   72   86   62   58   29   69  110   88   65   68   81   85   68   86   72   92  129  115   80   40   95  132   67   75   24   55   41   59   86  138   85   97   78   89   85   96   67   93   86   59  115
   71   95  123  122   93  134  100   93   98  109  116   71  107   70   91  107  110   66   89  114  108  106  110  101  126   89  137   99   94   86  122   82  101   83   68   85  117  110  109  106   90  107   93  118   78  107   80   94   98  101  105   99   81   89   86  113  103  122  114   92   88   84   80   88   60  133  130   67   70   83   86   91  127  131  124  169  137  102   99  124  150   58   50   83  114  100   99   88  142  114  113  126  108   80  111   69   95   77   93  149
  100  106   93  100   63  108   70   63   68   79   86   41   84   67   67   77  100   66   89   93   93   96   80   77   96   82  117   77   64   90   99   52   87   87   38   55   87   80   79   99   83   81   70  114  107   82   50   64   68   71   75   69   51   87   90  111   81   99  104   79   58   54   50   66   30  103  100   65   68   60   56   61   97  101  101  154  107   72  103   94  120   28   20   88   90   76   92   64  112   88   83   96   78   50   81   67   83   47   71  127
   92   93   98   88   68   76   86   83   78   74   81   63  100   56   35   54  101   66   88   81   81   84   53   40  110   67   85   66   14   73   85   88   86   68   60   77   71   79   62   82   66   49   86   82   62   32   64   32   36   60   54   60   65   50   53  113   70   75   92   68   87   22   26   55   52  122  114   67   70   83   49   80   64   64   84  142   96   61   66   89  126   50   56   56   53   39   57   88  122   56   62   92   67   73   71   69   83   69   60  116
   91   95  100   86   66   74   84   81   76   72   79   61   98   54   33   52   99   64   86   79   83   86   55   42  111   65   83   64   12   71   83   86   84   66   58   75   69   77   60   80   64   47   84   80   60   30   65   30   34   58   52   58   66   52   55  111   68   73   94   66   85   20   24   53   50  120  115   65   68   81   51   78   66   62   82  143   94   59   68   87  124   48   54   58   55   41   59   86  120   54   60   90   65   71   73   67   81   67   58  114
   91  115  130  121   91  123  112  105  110   77   84   83  108  103   88   95  111   67   90  115  110  107   78   97   87   84  108   68   67   81  111   94   58   76   80   84  105  111  115  101   85  102   94  113   98   76   41   85   89   89   66   60   42  103  106  114   72   94  115   87   89   75   79  101   72  143   91   68   71   84   98   87   89   92  109  170  133   98  119  112  149   70   78  103  109   96   94   89  154  103  109  145  104  110   99   70   96   89   62  118
  134  111  184  165  134  161  181  180  185  140  147  154  151  146  141  138  154  110  133  158  153  150  121  106  130  127  151  111  137  136  152  153  149  133  155  149  148  151  116  144  128  145  137  151  141  119   84  141  145  132  109  103   85  116  119  157  115  137  158  130  132  131  127  145  147  186  134  111  114  127  149  158  132  135  154  214  176  141  132  155  170  145  137  122  119  105  123  132  198  141  147  153  147  163  142  113  139  164  105  161
   64   40  113  112   87   90  116  109  114   93  100   87   93   81   70   91   96   52   75  100   95   92   81   35  112   62   99   98   82   72   81   96   87   69   84   91   88   80   45   79   63   80   79   80   94  100   78   70   74   85   80   86   77   45   48   99   96  105   87   65   82   60   56   85   76  121  116   53   56   69   78   91   93  103   83  144  111   76   61  108   99   74   66   51   48   34   52   74  140   70   76   82   82   98   97   55   74   93   91  147
  103  100  100   82   67  117   88   88   93   83   90   66   76   63   84   81   87   43   66   87   86   83   98   86  107   82  116   76   89   69  108   80   79   66   43   26   79   87   87   99   83   99   62  111  110   84   69   83   87   75   66   72   68   79   82   85   80   94   91   85   73   82   78   62   55  128  103   42   39   52   81   86   82   92  106  147  129   94   95   98  135   53   48   85   99   85   92   63  129   97   98  120   84   46   49   44   70   51   70  126
  148  145   85  127   95  142  118  111  106   79   86  108  121  108  109   99  117   87  110  122  120  119  117  105  152   91  139  121  117  111   63  125   95  110   88   71  109  117  132  108   92  109  107  140  129   99  113  106  110   93   93   99  112  115  118   40  104   98  125   88  117  104  100  107  100  150  148   86   84   97   94  131   99   67   61  122  116   81  131  116  153   98   93  121   90  104  101  107  150  122  132  140   87   91   94   88  114   96  115  171
  122  121   50  126   96  107  105  112  117   99  106   95  111   99   82  100  116   85  105   97   85   88   82   70  147   80  116  130  101   83   98   96   60   78   92  106  110  113  109   97   81   96   97  113  129  109  103   79   83   94   98  104  104   80   83   75  105   97   96   83  113   69   65   94   80  139  151   86   89   87   59  115  103  102   96  146  111   76   96   91  128   82   75   86   55   69   80   97  161   87   97  111   82  116  100   88  114  101  114  170
  105  129  133   91   63  125  113  106  101   47   54   87  112  102   81   67  115   71   94   96   99  102   88  102  117   87  135   98   97   53   81  102   66   48   97  110   77   85  109  104   88   98   98  135  119  106   71   84   85   61   88   90   72  107  110  118   72  105  110   84  101   94   98   71   92  113  121   72   75   88  113   57   93   85   79  140  123   88  123   84  121   90   98  109  112  101   97   93  145  113  118  131   78  114  121   74  100   93   87  143
   48   72  113   27   50   69   84   80   85   48   55   42  107   66   53   54   68   76   54   32   44   47   43   76   96   47   78   81   69   70   72   81   83   65   55   71   64   72   64   64   48   65  102   75   55   51   54   50   54   48   29   35   53   66   63  123   59   41   55   50   91   40   36    7   47   88   92   77   80   93   73   46   80   50   70  105   96   61   76   71  108   45   53   60   72   75   57   94  129   49   81  102   67   69   62   79  100   64   75  131
   71   95  100   34   58  105   76   83   86   64   71   66   78   40   19   44   81   37   60   83   80   77   54   68  107   57  105   73   64   19   43   68   32   14   62   76   72   80   52   72   56   39   64   92  102   76   63   22   26   50   54   60   62   73   73   84   67   82   85   58   67   32   36   58   71  112  108   38   41   54   51   70   91   61   41  102   86   51   86   79  116   69   66   70   81   67   67   59  125   85   90  102   57   57   87   40   66   88   53  109
   84  107  100  101   65   97   72   65   70   76   83   43   42   87   69   74   79   35   58   83   78   75   82   78  105   82  103   63   66   61   93   54   45   58   40   57   46   38   81   98   82   65   28   77   94   70   61   66   70   68   64   64   60   71   74   80   67   92   83   81   16   56   52   68   32  105  109   34   31   18   58   63   99   74   94  139  109   74   64   91  122   30   22   77   83   77   88   55  114   77   41   98   80   70   97   36   62   49   57   94
   93  117  123   86   72  111   88   81   86   78   79   43   74   85   64   76  102   67   90   79   88   91   66   99   96   84   89   49   75   85  101   83   77   82   56   73   78   70   65  101   85   78   60  109   87   57   50   61   65   70   75   69   51  103  106  112   53   86   99   81   48   71   75   52   48   89  100   66   63   50   74   47   83   89  103  149  109   74   96   93  130   46   54  105   97   98   94   80  130   91   73  130   80   70  101   68   94   65   43   99
   63   87   93   56   51   81   58   51   56   65   71   13   88   55   34   53   72   74   69   49   61   64   36   69  103   54   90   79   52   60   71   53   83   65   26   43   75   83   35   71   55   48   74   87   70   70   57   31   35   59   58   64   58   79   78  118   70   56   72   51   62   41   45   22   18   59  107   75   77   64   44   17   53   65   73  122   79   44   91   82  108   16   24   75   67   68   64   79  100   61   67  100   50   40   71   77   71   35   73  129
   71   95   85   64   43   89   50   43   48   59   63    5   80   49   42   57   64   66   77   57   57   60   44   73  107   46   94   87   44   68   63   48   83   67   18   35   67   75   43   63   47   56   66   95   78   62   65   39   43   51   64   70   66   83   86  113   62   64   68   43   54   49   46   30   10   67  103   67   69   56   36   25   61   72   65  118   71   36   99   74  100    8   16   83   71   72   56   71   92   69   75   92   42   32   63   69   63   27   81  132
   93  117  117   96   69  114   36   29   24   53   60   49   94   80   81   73   75   53   54   52   40   37   88   69  123   65  113  104   52   67   19   92   88   70   62   79   83   86   87   82   66   83   80   86  100   70   79   80   77   67   67   73   78   57   54  100   78   72   45   62   64   84   87   74   54  109  127   54   57   70   80   53   73   41   21   82   90   55   67   90  127   52   60   57   82   68   75   75   68   94   89  114   61   76  100   56   74   71   92  142
  108  122  132  111   71  102   51   44   39   68   75   64  109   65   68   75   90   68   69   67   55   52   91   84  138   80  111  108   67   82   34   88  103   85   77   94   85   90   90   97   81   88   95  101  115   85   94   71   75   69   82   88   93   72   69  115   80   87   60   77   79   81   85   77   69   94  142   69   72   85   95   38   74   56   36   97  105   70   82   92  129   67   75   72   97   83   90   90   83   82  104  120   67   82  113   71   84   86  102  157
   77  101  102   64    9   71   65   66   61    7   14   57   95   52   38   13   81   59   65   57   45   48   72   62   95   33   81   48   74   76   41   78   89   71   54   58   23   31   65   50   34   44   81   90   84   56   49   35   31    7   51   57   50   61   58   85   18   70   56   30   53   45   49   36   46   92   94   58   61   74   64   75   77   45   39  100   76   41   71   30   67   44   52   55   58   61   43   57  105   74   64   96   47   69   84   60   75   39   42   98
   81  102   98   60    5   67   69   70   65   11   18   53   91   55   34    9   85   63   69   61   49   52   76   66   91   37   84   44   70   72   45   80   85   67   50   54   19   27   61   54   38   40   77   86   82   52   45   31   27    3   47   53   46   57   54   81   14   74   60   34   49   41   45   40   42   96   90   62   65   78   60   73   81   49   43  104   80   45   67   26   63   40   48   51   62   65   47   61  109   78   60   92   51   72   80   64   71   35   38   94
   72   96   84   74   19   81   83   84   79   25   32   67  105   69   48   23   99   77   83   75   63   66   90   80  105   51   98   58   84   60   59   94   75   57   64   68   33   41   75   68   52   54   91   94   96   66   59   45   41   17   61   67   60   71   68   95   28   88   74   48   63   55   59   54   56  110  104   76   79   92   74   87   95   63   57  118   94   59   81   40   77   54   62   65   76   79   61   75  123   92   74  106   65   86   94   78   85   49   52  108
   58   82   91   49   73   90   87   94   93   79   86   73   63   55   34   59   66   22   45   70   65   62   39   53   92   59   98   58   66    4   52   55   19    1   50   61   82   74   65   76   60   54   49   88   89   63   48   37   41   65   41   47   47   58   61   69   62   69   70   62   52   47   51   73   62  118   96   23   26   39   66   81   76   67   54  115  100   65   74   94  131   60   66   64   66   52   69   44  110   70   76  102   72   72   74   25   51   79   38   94
  123  144   51  114  105  124  112  105  110  120  127   83  126  106   92  111  117   87  110  120  108  111  104   93  134   87  133  117  106   69  109   94   83   66   80   97  128  122  117  104   88  105  112  124  129   99   90   89   93  112   77   71   89  103  106  134  121  105  119   84  100   92   88  108   72  145  138   88   91  102   60  103  126  103  107  168  112   77  119  114  151   70   62  109   78   92   97  106  154  104  120  134   83   92  110   90  116   89  103  159
   75   99  108   66   72  107   76   83   88   70   77   79   80   72   51   76   83   39   62   68   56   59   56   70  109   62  110   75   83   13   61   72   36   18   67   78   86   91   82   79   63   71   66  105  106   80   65   54   58   70   58   64   64   75   78   86   79   86   67   59   69   64   68   90   79  121  113   40   43   56   83   90   93   83   63  117   83   48   91   93  130   77   83   81   83   69   72   61  127   87   93  111   58   89   89   42   68   96   55  111
  104  110   83   95   40  102   44   51   56   38   45   76   77   83   69   44   65   38   44   36   24   27   76   63  106   64  112   73   79   45   72   47   68   50   84   77   54   62   96   81   65   75   63  108  111   81   64   66   62   38   74   80   63   73   76   83   49   62   35   61   66   76   78   63   76  123  102   37   40   53   72   85   87   76   70   85  107   72   89   61   98   74   67   79   76   62   74   36  100   92   91  124   78   78   57   39   65   69   53  109
   99  105   78   90   35   97   39   46   51   33   40   71   72   78   64   39   60   33   39   31   19   22   71   58  103   59  107   68   74   50   67   52   73   55   79   72   49   57   91   76   60   70   58  103  106   76   59   61   57   33   77   76   58   68   71   78   44   57   30   56   61   71   73   58   71  118  107   32   35   48   67   90   82   71   65   80  102   67   84   56   93   69   72   74   71   57   69   31   95   87   86  119   73   73   62   34   60   64   48  104
   94  110  135   87   78  103   99   99  104   94  101   77  109   74   95   92  112   68   91   80   92   95   58   81  118   93  112   96   84   94   79  103  109   91   54   37   86   78   98  110   94  109   95  109  101  102   79   92   96   86   89   95   80   91   94  115   97   87  103   96   98   82   78   53   66  134  114   69   72   85   92   92   79   96   81  142  140  105  107  109  146   64   72   97   89   80   94   90  148   83   89  124   95   57   88   71   97   62   90  146
   89   66   91   95   65   68   90   83   78   69   76   65   71   72   51   69   74   30   53   78   73   70   59   37   99   59   77   52   40   50   35   76   65   47   62   69   42   34   78   76   60   65   57   74   88   58   53   48   52   63   75   72   54   47   50   77   56   83   78   62   56   38   34   63   54  118  103   31   34   47   77   85   80   57   37   98  106   71   63   86  123   52   44   53   50   36   54   52  118   48   54   80   77   89   99   33   59   71   46  102
   90  114  132   83   74   99   95   95  100   90   97   73  105   70   91   88  108   64   87   76   88   91   54   85  114   89  108  100   88   90   83   99  105   87   50   33   86   82   94  106   90  107   91  105   97  106   75   90   94   82   85   91   76   95   98  111   93   83   99   92   94   82   78   49   62  130  110   65   68   81   88   88   75   92   85  146  136  101  111  105  142   60   68  101   85   84   90   86  144   79   85  128   91   53   84   67   93   58   94  150
   94  104  129   85   96  106   93  100   99   94  101   88   79   93   82   93   82   38   61   78   70   73   89   75  108   74  115   86   98   58   94  109   73   55   94   77   98   90  109   91   75   88   65  109  101   94   64   79   75   94   87   81   63   74   77   85   90   87   81   71   68   76   72   53   92  133  112   39   42   55  108   92  112   96   96  131  117   82   90  117  154   90   82   80   88   74   84   60  126   86   92  118   88   97  107   41   67  102   77  133
   42   66  107   33   44   75   78   74   79   42   49   36  101   68   47   48   62   70   48   26   38   41   37   72  102   53   84   83   66   76   66   76   89   71   49   66   58   66   58   70   54   61   97   81   49   57   60   44   48   42   35   41   59   60   57  117   53   35   49   56   85   34   30    1   41   82   98   71   74   87   67   40   74   44   64   99  102   67   70   65  102   39   47   54   78   71   63   88  123   55   84   96   73   63   68   73   94   58   77  133
   64   88  111   57   68   96   97   90   85   58   65   58   88   54   55   67   38   47   24   35   44   41   59   64   84   35   83   69   57   62   42   69   75   57   71   86   82   90   80   52   36   53   74   64   69   39   42   52   56   61   17   23   41   74   77   94   73   11   38   38   77   42   38   23   63   94   80   48   51   64   81   47   52   20   40  101   84   49   90   89  126   61   68   76   60   63   45   69  129   76   82  104   55   71   50   50   76   80   63  119
   97   74  123   98   95   70  112  105  110   93  100   67   92   72   80   99   79   62   65   76   85   82   90   45  122   53  101  108   92   82   83   87   95   79   80   97   98   90   89   70   54   71   78   90  104   80   83   80   84   93   58   64   82   55   58  109  104   52   79   56   92   70   66   64   72   93  121   63   66   68   88   37   73   61   81  142  102   67   71  111  148   70   76   61   58   44   43   84  150   80   86  112   73   89   91   65   91   89  101  157
   77   88   93   98   88   79   93   86   81   90   97   66   99   73   62   81  106   71   94   84   76   79   48   35  105   62   88   69   17   53   88   86   68   50   63   80   98   91   89   79   63   76   95   70   65   35   59   59   63   87   57   63   60   35   38  118   73   85   87   65   90   49   53   82   55  121  109   72   75   88   44   85   59   67   87  137  111   76   51  113  145   53   61   41   48   34   52   88  125   59   65  119   82   90   79   74  100   72   63  119
   70   71   76   95   75   76   79   86   91   73   80   64   92   64   57   76   99   59   79   71   59   62   31   18   88   45   85   69   34   70   86   79   85   67   65   82   89   87   84   62   46   63   86   63   77   52   42   54   58   73   63   61   43   28   31  106   73   91   70   48   87   44   48   67   53  104   92   60   63   76   27   68   42   64   84  120   94   59   44   96  133   55   63   34   31   17   35   71  135   56   62  109   65   81   93   62   88   74   63  119
   74   89   91   83   74   58   85   78   83   80   87   46   91   68   67   78   94   50   73   76   77   80   13   36   70   49   67   51   50   56   68   86   71   53   59   76   85   77   68   66   50   67   77   64   81   59   24   64   68   72   49   43   25   46   49   97   55   77   88   52   69   62   66   49   51   92   74   51   54   67   45   50   24   46   66  127   98   63   62   92  129   49   57   52   44   35   49   72  127   38   44  112   69   73   82   53   79   68   45  101
   99  112  140   90   97   98  101  105  100   95  102   85  120  102   81  100   77   79   56   31   43   46   65   83  122   89  107   88   36  105  102   77  113  102   82   99  111  110  108  106   90   95  106  104   84   54   76   78   82   95   76   82   77   88   91  126   92   68   54   92  109   68   72   58   74  139  126   80   83   96   97   97   76   86  104  104  138  103  104  118  155   72   80   94   84   82   89   93  144   78   84  138  109  112  109   82  108   91   82  138
  115  139  133  124   79  137  106   99  104   95  102   77  136  116   97   93  136  110  117   92  104  107  116   91  160  118  165  128   97  108  129  104  121  103   54   71  103  111   98  135  119  111  122  108  122  115  129   94   98   87  126  132  130   79   76  157   98  124  115  115  110  104  102   90   66  139  156  111  114  112   92   97  133  133  127   88  143  108   63  110  147   64   72   79  104   90  108  107  148  136  135  148  114   99  121  113   99   63  122  178
  143  167  105  139  107  164  125  118  123  123  128   70  141  114  117  121  135  113  136  120  121  124  119  119  177  109  157  130  119  136  123  123  137  131   82   99  113  105  118  126  110  127  127  136  150  137  131  114  118  115  127  133  132  107  104  160  126  139  132  106   83  124  121  105   85  142  178  114  117  117  111  100  136  135  121   60  130   95   91  138  175   83   91  107  132  118  119  135  167  144  108  158  105   97  128  116  127   91  124  161
  114  113   20  106   83   93   97   92   93   89   96   70  103   75   61   80   86   77   97   89   77   80   74   62  137   56  102  122   90   75   78   88   52   70   67   84   97  105   86   73   57   74   89   99  121   96   95   58   62   81   74   80   96   72   75  105   92  102   88   53  102   61   57   86   55  115  137   78   81   79   29   90   95   82   76  137   81   46   88   83  120   57   65   78   47   61   66   89  137   73   89  103   52   90  107   80  106   76  106  162
  103  102   31  107   77   88   86   93   98   80   87   77   92   80   63   81   97   66   86   78   66   69   63   51  128   61   97  111   82   64   89   77   41   59   74   91   91   94   90   78   62   77   78   94  110   90   84   60   64   75   79   85   85   61   64   94   86   95   77   64   94   50   46   75   66  120  132   67   70   68   40   97   84   93   87  127   92   57   77   72  109   64   56   67   36   50   61   78  142   68   78   92   63   97  109   69   95   83   95  151
   89   92   95   83   84   94   81   88   87   82   89   91   67   89   68   88   70   26   49   74   68   66   81   63   96   85  103   79   86   46   82   97   61   43   82   65   86   78  101  102   86   88   53   97  109   87   52   71   75   82   75   69   51   62   65   73   83   84   74   88   56   64   60   89   80  123  100   27   30   43  100  111  100   93   84  129  122   87   78  105  142   78   70   68   76   62   80   48  114   74   80  106   97   85   95   29   55   90   65  121
   84   98   91   83   84   58   85   78   83   89   96   46  101   68   67   86  103   60   83   76   87   90   13   46   80   49   67   61   50   56   78   86   71   53   59   74   85   77   68   66   50   67   87   64   91   68   34   64   68   82   59   53   35   56   59  107   65   83   98   52   62   62   66   49   51   92   84   61   64   77   55   50   34   56   76  137   98   63   72   92  129   49   57   62   44   45   49   82  127   38   44  112   69   73   92   63   89   68   55  111
   71   95   87  104   57   84   85   78   83   63   70   56   55   94   82   61   77   33   56   81   76   73   72   76   97   75   90   50   76   59   80   41   58   56   53   70   33   25   92   92   76   78   41   90   88   58   51   79   79   55   76   70   52   67   64   80   54   91   81   78    3   69   65   81   45   95   96   34   37   31   71   76   93   87   82  133  122   87   51   78  115   43   35   67   70   75   75   55  121   64   28  111   93   83  102   36   62   62   44   81
   87  110  111  103   69  114   76   69   74   79   86   47   90   83   73   83  106   68   85   77   65   68   83   57   65   76  123   85   70   65   85    6   42   60   44   61   68   60   82   93   77   64   76   80   94   80   63   70   74   77   58   64   62   45   48  115   88   86   76   79   38   60   56   69   36   86   61   69   72   66   62   44   80   84   87  126  113   78   61  100  126   34   26   51   70   56   74   77  118   94   63  102   84   74   91   71   89   53   79  116
   73   97  103   66   61   91   68   61   66   75   81   23   98   65   44   63   82   84   78   59   71   74   46   79  102   64  100   89   62   70   79   43   79   75   36   53   85   93   45   81   65   58   84   97   80   80   67   41   45   69   68   74   68   82   85  128   80   65   82   61   72   51   55   32   28   49   98   85   87   74   54    7   43   74   81  132   89   54   98   92  118   26   34   85   77   78   74   89  110   71   77  110   60   50   81   87   81   45   83  139
  104   81  104   84   70   83   98   98  103   68   75   63   86   53   66   74   82   45   68   92   88   85   74   52  115   34   82   91   75   65   74   83   80   62   53   36   81   73   85   51   35   52   72   89  104   74   71   63   65   68   52   58   70   62   65   92   79   75   84   31   75   53   49   67   65   89  113   46   49   62   91   47   83   78   72  133   77   42   78   91  128   63   59   68   59   51   44   67  133   63   69   95   48   56   85   48   74   61   84  140
  117  141  118  107   52   93   90   89   94   50   57   51  126   95   81   56  108  102  108  100   88   91   90  105  138   76  124   91   90  114   84   94  126  113   64   81   66   74   89   93   77   87  112  133  124   99   92   78   74   50   94  100   93  104  101  128   61  110   99   73   96   88   92   76   56  113  137  101  104  102   69   71  107   88   82  143  103   68  114   52   89   54   62   98  101  104   86  100  138  113  107  131   78   78  109  103  109   73   85  141
  115  139  116  105   50   91   92   87   92   48   55   49  124   93   79   54  106  100  106   98   86   89   88  103  136   74  122   89   88  112   82   92  124  111   62   79   64   72   87   91   75   85  110  131  122   97   90   76   72   48   92   98   91  102   99  126   59  108   97   71   94   86   90   74   54  111  135   99  102  100   67   69  105   86   80  141  101   66  112   50   87   52   60   96   99  102   84   98  136  111  105  129   76   76  107  101  107   71   83  139
   82  106  155  137   84  132  142  139  134   90   97  119  141  112   91   88  136  108  122  133  128  131  113  100  142   99  135   95   70  126  124  133  113  121   98   81   98  106  118  116  100  105  127  128  113   88   96   88   92   82   81   87   97  110  113  144   65  109  136  102  116   78   82  111  108  158  141  107  104  117  109  135  124  107  122  183  148  113  126  105  142  106  112  116  113   99  109  126  178  112  118  135  119   95   64  109  104  106   89  145
