50  10
  107  134  117  112   98   65   41   33  124  129  127  144  117   65   86   53   48   74  151   51   50   77  104  171  170  122  103  186  139  135   94   93   26   63  132  155   72   78   89   88   31   91  113  102   77   66   77  107  101   94
  103  130  129  136   89   41   17    9  100  143  114  120   93   61  100   77   72   98  127   27   46   95   86  147  181  133  114  179  149  111   70   69    2   39  108  160   82   88   65   64    7   67   89   78   53   42   53   83  125  118
  152  164  178  150  101   30   54   58  149  192  163  169  142  110  149  126  121  147  176   76   95  144  135   98  162  182  163  226  198  160  119  118   51   88  157  190  131  137  114  113   56  113   91  127  102   91  102  132  161  167
  119   92  119  164  133  102  126  130  221  208  221  225  214  161  215  198  193  219  248  148  167  132  105  170  234  251  232  236  185  232  191  190  123  128  146  190  188  182  186  185  128   95   73  122   97   86   97  108  175  182
   80  107  127  118   87  123   99   91  182  175  175  179  175  122  169  159  154  180  209  109  128  135  108  202  253  205  186  190  182  189  148  147   80   82  107  144  155  161  147  146   89   49   27   76   51   40   51  105  129  136
  102  129  149   96  109  116   97   89  180  153  197  200  173  141  173  171  166  192  207  107  126  157  130  184  248  209  190  168  204  205  164  163   96  104  129  122  163  169  145  144   87   27    5   98   73   62   73  127  107  114
  115  142  165  102   53  124  148  151  242  175  200  219  192  134  155  204  199  225  228  138  119  150  146  240  239  191  172  254  186  242  208  207  140  142   88   36  119  125  164  165  149  113   91  136  111  100   89  143  113  120
  122  149  158   95   46  117  141  144  235  182  193  212  185  127  148  197  192  218  231  131  112  143  139  233  232  184  165  248  193  242  201  200  133  135   95   43  126  132  171  172  142  120   98  129  104   93   82  136  106  113
  170  143  170  147   98  169  193  195  286  234  245  180  153  179  200  163  158  184  278  183  164  195  191  285  284  236  217  272  245  203  162  163  185  187  147   95  178  184  223  224  193  172  150  181  156  145  134  188  158  165
  122   95  122  195  146  179  155  147  238  247  215  132  105  163  165  115  110  136  230  165  178  170  158  252  316  268  249  224  211  155  114  115  154  162  149  143  218  212  203  202  145  205  187  134  109  120  131  161  206  213
  133  160  187  195  169  107   83   75  166  203  143   60   33   91  160  157  152  173  193   93  106   98  125  219  244  196  177  226  139   83   42   43   82  119  160  212  146  140  131  130   73  133  155  158  133  122  133  128  184  191
  123  150  177  185  159   97   73   65  156  193  133   50   23   81  150  147  142  163  183   83   96  108  118  212  234  186  167  216  129   73   32   33   72  109  150  202  140  146  121  120   63  123  145  148  123  112  123  121  174  181
  156  183  210  152  192  130  106   98  189  226  166   83   56  114  183  161  156  130  216  116  129  141  138  232  263  215  196  249  162  106   65   66  105  142  183  235  173  179  154  153   96  156  178  181  156  145  156  135  141  148
  178  151  178  102  151  127  103   95  186  229  211  133  106  147  161  111  106   80  174  113  132  115   88  182  213  165  146  229  162  156  115  116  106  143  205  240  171  165  155  154   97  157  179  182  157  146  139   85   91   98
  176  203  186  200  167  188  164  156  247  198  177  219  192  134  155  200  195  178  226  138  119  146  173  267  239  191  172  255  184  240  213  214  159  148  203  200  117  123  162  163  158  218  240  226  201  190  201  176  189  196
   80  107   90  120   71   92   68   60  151  102   81  123   96   38   59  104   99  125  130   42   23   50   77  171  143   95   76  159   88  144  131  130   63   52  107  104   21   27   66   67   62  122  144  130  105   94  105   80  131  138
  119  146  129  159  110  131  107   99  190  141  120  162  135   77   98  143  138  164  169   81   62   89  116  210  182  134  115  198  127  183  170  169  102   91  146  143   60   66  105  106  101  161  183  169  144  133  144  119  170  177
  100   98   71  140   91  112   88   80  135   54  124  143  116   58   79  128  123  149  162   62   43   74  101  195  163  115   96  179  136  192  159  158   91   76  127   85   69   75  114  115   82  142  151  154  129  118  127  104  151  158
  103  130  113  143   94  102   78   70  161  125   81  146  119   61   79  127  122  148  158   65   46   73  100  194  166  118   99  182  116  172  131  130   63   75  130  132   49   55   94   95   68  128  150  139  114  103  114  103  154  161
  125   98  125  112  122   74   50   42  133  176  158  157  130   94  133  128  123  133  160   60   79   62   35  129  166  118   99  182  109  162  121  120   53   90  152  201  118  112  102  101   44  104  126  129  104   93   86   32  101  108
  128  101  128  115  125   77   53   45  136  179  161  160  133   97  136  131  126  130  163   63   82   65   38  132  163  115   96  179  112  165  124  123   56   93  155  204  121  115  105  104   47  107  129  132  107   96   89   35  104  111
  111  138  121  151  102  123   99   91  182  133  135  154  127   69   90  139  134  160  173   73   54   85  112  148   84   36   17  100  147  203  163  162   95   87  138  163   80   86  125  126   93  153  175  165  140  129  138  114  162  169
   66   93   76  106   57   78   54   46  137   88   90  109   82   24   45   94   89  115  128   28    9   40   67  161  129   81   62  145  102  158  125  124   57   42   93  118   35   41   80   81   48  108  130  120   95   84   93   70  117  124
   74   95   68  114   65   86   62   54  145   80   98  117   90   32   53  102   97  123  136   36   17   48   75  169  137   89   70  153  110  166  133  132   65   50  101  111   43   49   88   89   56  116  125  128  103   92  101   78  125  132
  138  165  152  104  145   80  104  108  199  164  182  201  174  116  137  176  171  197  220  120  101  132  159  148  212  173  154  176  194  210  169  168  101  118  165  158  127  133  164  163  106   63   41  134  109   98  109  162  115  122
  116  143  158   82  123  102  111  103  194  157  204  193  187  138  159  185  180  206  221  121  123  154  144  170  234  195  176  154  216  219  178  177  110   96  143  136  149  155  159  158  101   41   19  112   87   76   87  141   93  100
  107  134  154   91  114  111  102   94  185  148  202  202  178  146  168  176  171  197  212  112  131  162  135  179  243  204  185  163  209  210  169  168  101  105  134  127  158  164  150  149   92   32   10  103   78   67   78  132  102  109
  116   89  116  162  185  182  173  165  158   77  177  243  216  158  210  196  191  217  282  183  173  129  102  196  260  246  227  234  182  229  188  189  172  176  143  195  185  179  218  219  163  103   81  174  149  138  149  105  173  180
  202  188  163  172  123  181  157  149  240  176  233  237  218  160  147   97   92  118  212  167  175  171  144  238  302  261  242  280  218  247  206  205  138  140  209  212  212  218  205  204  147  187  165  134  109   98   87  141  183  190
  125  152  179  175  161  128  104   96  187  192  190  168  141   83   70   20   15   41  135  114   98  140  167  234  233  185  166  249  202  198  157  156   89  126  152  204  135  141  152  151   94  154  176  165  140  129  140  170  164  157
  152  125  152  215  166  193  169  161  252  257  232  162  135  148  135   85   80  106  200  179  163  200  187  281  298  250  231  223  241  185  144  145  154  161  179  173  200  206  217  216  159  208  186  133  108  119  130  184  226  222
   86   59   86  144   95  131  107   99  190  211  161  187  177  128  177  156  151  177  217  117  136  143  116  210  261  213  194  152  190  197  156  155   88   90  113  165  163  169  155  154   97  137  115   62   37   48   59  113  155  162
   68   41   68  144  113  149  125  117  208  193  179  186  159  110  179  149  144  170  235  135  125  131  104  198  262  215  196  170  184  209  168  169  106  108   95  147  169  175  173  172  115  155  133   80   55   66   77  107  155  162
  149  122  149  207  158  166  142  134  225  189  123  206  183  125  118   68   63   89  183  129  110  137  164  258  230  182  163  246  180  236  195  194  127  139  176  196  113  119  158  159  132  192  214  161  136  147  158  167  212  205
  100  127  110  140   91   99   75   67  158  122   56  139  116   58   79  124  119  145  155   62   43   70   97  191  163  115   96  179  113  169  128  127   60   72  127  129   46   52   91   92   65  125  147  136  111  100  111  100  151  158
   89  116   99  129   80   88   64   56  147  111   67  132  105   47   68  113  108  134  144   51   32   59   86  180  152  104   85  168  102  158  117  116   49   61  116  118   35   41   80   81   54  114  136  125  100   89  100   89  140  147
   68   95   78  108   59   80   56   48  139   90   88  111   84   26   47   92   87  113  130   30   11   38   65  159  131   83   64  147  100  156  127  126   59   40   95  116   33   39   78   79   50  110  132  118   93   82   93   68  119  126
  151  124  151  193  144  165  141  133  224  175  173  196  169  111  132  124  119  145  215  115   96  123  135  229  216  168  149  232  185  241  212  211  144  125  178  201  118  124  163  164  135  195  217  203  178  167  178  138  204  211
   89   62   89  156  166  182  158  150  241  178  226  216  189  131  185  186  181  207  253  165  146  100   73  167  231  221  202  240  153  200  159  160  161  178  116  168  156  150  189  190  152  199  177  177  152  141  130   76  145  152
   53   26   53  120  130  146  122  114  205  142  190  180  153   95  149  194  189  205  217  129  110   64   37  131  195  185  166  204  117  164  123  124  125  142   80  132  120  114  153  154  116  163  141  141  116  105   94   40  109  116
   52   25   52  121  131  147  123  115  206  141  191  179  152   94  150  195  190  206  218  128  109   65   38  132  196  186  167  205  118  165  124  125  126  143   79  131  121  115  154  155  117  162  140  142  117  106   95   41  110  117
  104   77  104  173  148  117  141  145  236  193  236  231  204  146  202  213  208  234  263  163  161  117   90  184  248  238  219  224  170  217  176  177  138  143  131  183  173  167  201  200  143  110   88  137  112  101  112   93  162  169
   57   84  111  162  155  146  122  114  205  196  194  163  157   99  153  182  177  203  232  132  114  144  147  241  237  189  170  124  206  212  171  170  103   66   84  136  139  145  170  169  112  121   99  140  115  108  119  150  173  180
   82  109  136  137  130  121   97   89  180  171  169  138  165  107  128  157  152  178  207  107   92  119  146  225  212  164  145   99  181  187  146  145   78   41  109  161  114  120  145  144   87   96   74  115   90   83   94  148  148  155
  125  152  179  180  173  164  140  132  223  214  212  181  208  150  171  200  195  221  250  150  135  162  189  268  206  158  139   56  143  199  189  188  121   84  152  204  157  163  188  187  130  139  117  136  133  126  137  191  191  198
  186  196  190  207  158  194  170  162  253  173  174  242  235  177  198  230  225  251  280  180  162  193  179  273  267  219  200  117  204  260  219  218  151  145  213  204  188  194  218  217  160  196  174   75  100  111  122  176  218  225
  178  176  149  218  169  158  134  126  213  132  202  221  194  136  157  194  189  215  240  140  121  152  179  264  241  193  174  158  214  224  183  182  115  152  205  163  147  153  182  181  124  184  206  116  141  152  163  182  229  235
  148  175  170  177  130   86   62   54  145  188  159  165  138  106  145  122  117  143  172   72   91   93  120  192  222  174  155  220  194  152  111  110   43   80  149  201  127  133  110  109   52  112  134  119   94   83   94  123  170  163
  145  139  160   84  133  167  143  135  226  177  175  198  171  113  134  179  174  200  194  117   98   49   76  170  218  170  151  234  152  203  162  163  136  127  172  180   97   91  130  131  137  197  185  180  155  144  133   79   95  102
  100   94  120  114  101  122   98   90  181  132  130  153  126   68   89  134  129  155  149   72   53    4   31  125  173  125  106  189  107  158  117  118  101   82  127  135   52   46   85   86   92  152  166  135  110   99   88   34  103  110
