100  20
   67   88  107   98   98  107  107  108   87   93   96   82   77   94   47   95   91   99  105  104   94   68   95  110   81   76   83   92   67   84   96  109   96   77  123  106  126  126  111   82   60   83  107  149  155   91   93  107  115   91   81   77  118  113  122  134  108   57   53   82   93   76   85  127   71   80   44   83   87   73   79   74  133   62  108  110  115   55  115  116   96  161  143  115   93  100   95   86  107  111   85  135  153  139   83   66   90   88  112   44
   58   62   70   87  103   87   70  101   96   56   59   45   40   57   74   88   72   62   77   80   59   91   66   76   86  111  104  100   41   58  120  129   70   82  110   91   94  117  106   77   55   83   77  137  142   82   56  123   80   54   44   89  101   90   87  113   71   84   80   45   63   93   48  118   76  103   71  110   98   36   84   66  147   97   88  128  120   60  108  107   59  131  131  110   88   89   58   75   94   98   78  127  124  110   74   90  111   99  124   81
   25   68   83   66   82  102   60   80   88   23   26   78   73   58   41   55   39   29   61   73   56   65   57   72   53   78   85   87   67   72   97  106   68   49   89   70  107   89   73   44   22   77   63  121  133   49   83   90   77   84   77   56   68   57   62   96  104   51   47   78   77   78   81   85   43   77   38   77   65   69   73   68  135   64   55   95   87   27   75   74   61  144  105   77   55   90   87   48   71   75   45   94   91   77   41   67   92   82   95  114
   42   82   70   87   96   94   81  101   84   44   47   89   94   77   52   34   60   50   82   94   77   67   72   87   74   89   96   79   88   85  104  106   83   70   68   49   94  110   94   65   43   88   84  142  116   66   98  106   57   86   96   77   47   36   47  117  102   62   58   99   98   89  102   64   64   77   49   88   82   90   84   79  141   75   76  116  108   48   54   53   55  138  126   98   76   97  102   63   92   96   66   73   70   56   58   75  103   85  116  135
   70  110   67   84  100  122  109   98   81   72   75  102   97  100   80   62   88   78   93   81   98   90  100  115  102  105  112  107  116  113  118  131  102   98   96   77   91  122  122   93   71  116   95  117   88   94  113  129   77   83   93   92   75   64   75  121  130   90   86  127  109  105  130   92   92  102   77  116  109  118   79  107  136   91  104  144  136   76   82   81   52  135  145  117   95  122  113   91  120  116   94  101   98   84   86   88  119   82   90  158
   45   88   62   65   66   88   88   76   79   93   93   63   58   41   70  100   72   62   30   18   39   78   50   65   90  105   98   91  100   92  103  114   87   94   80   61   86  107  102   80   73   82   32   92  121   69   72   85   60   46   56   92   59   48   59  101  117   78   77   64   46   46   81  126   94   96   68  107   85  107   64   98  136   94   88  124  138   78  114  115   84  114  104   76   54   85   50   59   81   77   78  121  118  104   29   73  105  109  130  156
   67   84   91   94   95   96   99  105   90  100   97   92   87   70   41   92  101   91   59   47   68   71   79   94   81   77   84   81  105   88  104  108   96   77  109   90  115  134  111   82   60   53   61  121  150   91  101  110   87   75   85   80   88   77   88  130  144   57   53   88   75   54   71  109   71   83   44   83   95  100   79   74  139   70   96  113  115   55   99   98   99  143  133  105   83  101   79   86   52   48   97  126  123  109   58   74   91   88  106  132
   38   81   89   72   69   74  108   82   66   76   74   89   84   67   12   63   79   82   76   76   65   42   66   81   52   55   62   59   91   77   75   83   67   48   96   77   97  105   82   53   31   24   76  123  126   62   82   81   86   91   81   51   91   84   93  105  115   28   24   77   72   55   92   98   42   54   15   54   66   71   50   45  112   41   84   84   86   26   86   87   70  136  114   86   64   74   91   57   72   76   73   97   94   80   54   45   69   59   78  103
   20   63   77   60   57   74   96   70   54   64   62   77   72   55    6   57   67   70   64   71   53   30   54   69   40   43   50   59   79   65   63   71   55   36   84   65   79   88   70   41   19   42   66  111  114   44   70   69   74   79   69   39   83   72   81   93  103   16   12   65   60   43   80   86   30   42    3   42   54   89   38   33  100   29   72   72   74   14   74   75   58  124  102   74   52   62   79   45   66   64   61   98  112   98   36   33   57   47   82   91
   35   67   90   73   63   76   85   83   86   83   83   66   61   63   38   89   58   68   87   86   65   62   54   69   53   75   82   91   88   71   86   90   30   49   73   74   96   63  102   73   51   74   85  124  103   19   45   92   74   75   65   71   83   72   83  108   95   48   44   97   83   75  112   54   62   74   35   74   35   82   44   58  132   61   85  104   74   46   42   43   80  151  134  106   84   62   84   45   86   90   64  120  139  125   51   56   89   79   95  123
   86   95   61   44   60   82   71   54   87   93   90   46   41   24   79   85   91   91   59   47   26   52   33   48   73   65   58   75   74   91   96   99   72   77   97   78   84   65  105   82   60  110   61   95   93   68   57   97   47   55   45   71   76   65   54   88   87   74   70   93   75   75  110  113   81   70   76  115   84   65   51   91  144   90   85  127  125   65  101  102   82  143   96   68   46   81   79   42   83   86   85  141  141  144   94   66   65  105  123  162
   76   66   32   15   31   53   87   26   77   81   78   62   57   55   56   75   62   52   20   32   53   42   64   79   68   55   48   65   87   70   86   89   77   64  115  103   56   84   72   59   37   74   22   67   96   66   62   55   74   43   53   61   83   90   85   86   77   48   52   54   36   60   71  112   49   60   53   92   77   97   64   83  134   79   57   94  102   42  100  101   69  104   54   26    4   39   64   63   98  102   68  124  112  121   79   56   55   79   99  141
   76   75   19    2   18   40   79   12   63   90   87   54   49   66   58   61   76   66   34   46   67   28   75   74   77   41   34   51   82   79   72   75   80   73  101   94   42   73   81   59   46   86   36   53   82   52   65   69   88   35   45   47   70   81   92   72   63   50   46   68   50   74   85   99   58   46   55   94   63  107   51   85  120   66   43  103  111   51   87   88   56  118   63   35   13   48   78   72   87   91   82  130   99  113   92   42   41   81   85  140
   75   32   60   63   67   45   60   74   45   97   94   35   30   47   84   92   70   60   28   40   49   65   56   66   52   84   77   60   53   36   97   89   29   48   97   78   73  104   81   78   75   78   26   86  115   78   14   64   70   44   34   78   92   85   77   86  125   76   77   58   40   68   75  113   73   77   81  120   88  105   74   57  102   97   84  103  130   70  101  102   79  108  102   74   52   27   72   65   64   68   74  130  160  147   87   67   84  107   94  151
   56   99   78   61   77   94   94   75   78   62   60   75   70   53   36   76   78   68   74   72   51   49   52   67   29   73   80   79  106   95   87   90   52   33  102   83  102  112   68   39   17   72   76  116  125   69   67   85   72   84   74   51   81   70   81   91  107   46   42   90   84   73   92   98   38   61   33   72   78  108   68   63  125   59   69   90   82   22   86   87   56  139  100   72   50   81   82   43   81   85   79  118  115  101   72   57   87   77   79  121
   63   85   73   56   72   71  101   66   55   69   67   82   77   60   43   53   67   57   77   79   58   26   59   74   52   72   70   56   95   89   64   67   70   51   93   90   96   89   73   46   24   79   75  107  136   71   75   65   79   89   81   39   86   77   88   98   99   42   38   79   61   79   80  100   45   38   40   79   55  115   64   70  112   58   73   95   89   29   88   89   63  129  107   79   57   58   89   50   87   83   73  125  122  108   79   34   69   73   97  128
   66   81   69   52   68   67  101   62   51   73   71   85   80   63   46   49   71   61   73   82   61   22   63   78   56   68   66   52   99   85   60   63   74   55   89   87   92   93   69   47   28   82   71  103  132   67   71   61   82   85   83   35   82   81   92  102   95   38   34   75   57   75   76   96   49   34   43   82   51  119   60   73  108   54   69   91   93   33   84   85   67  125  111   83   61   54   93   54   83   79   77  127  126  112   82   30   65   69  101  128
  104  106  106   90  106   85  106  100   89  111  109   81   76   93   84   87  103   99  102  114   95   60  101  112   68   94   87   70   88  105   98  101   45   64  127  125  130  131  107   85   66  105  100  141  156   94   60   99  116   90   80   73  102  113  123  140  133   76   72  113   95  113  114   99   87   72   81  120   89  151   98   73  146   92  100  129  131   71   89   88   95  163  149  121   99   92  131   92  112  116   97  153  164  150  120   68   94  107  110  166
   91   48   90  107   98   76  114  121   82  110  113   89   94  100   92  111   75   65   97  109  102   98  109  124  120  110  103   86   27   44  127  139   97  116  105   86   94  103  129  119  105  121   99  159  179  104   94  112  123  106   98  107  104   93  104  102  125   84   80   87  105   81   90  145  116   88   89  128  120   90  104   93  139  115   91  151  160  100  135  134  113  131  152  132  110   75  112  118   80   84   81  137  168  154  107  102  110  115  133  124
   71   28   70   87   78   56   94  101   62   90   93   69   74   91   72   91   55   45   77   89   93   78  100  106  100   90   83   66    7   24  107  119   77   96   85   66   74   83  109   99   85  101   79  139  159   95   74   92  103   86   78   87   84   73   84   82  105   64   60   67   85   61   70  125   96   90   69  108  103   70   84   73  119   95   71  131  140   80  115  114   93  111  132  112   90   55   92  100   60   64   61  117  148  134   87   82   90   95  113  104
   58   75   92   83   84   90   32   93   72   33   30   57   62   78   72   80   95   85   82   94   80   53   69   84   95   89   92   75   96   79   69   94   83   91   56   75  111   78   96   74   73  108   80  134  118   34   78   92   86   76   66   62   88   77   66  123  126   65   61   84   66   96  101  107   94   65   69  108   18  102   65   99  129   75   87  118  127   78   95   96   96  134  144  116   94   85   99   60   43   47   96  148  147  133   74   39   99   96   97  149
   43   75   98   81   71   84   93   91   94   91   91   74   69   71   46   97   66   76   95   94   73   70   62   77   61   83   90   99   96   79   94   98   38   57   81   82  104   71  110   81   59   82   93  132  111   27   53  100   82   83   73   79   91   80   91  116  103   56   52  105   91   83  120   62   70   82   43   82   43   90   52   66  140   69   93  112   82   54   50   51   88  159  142  114   92   70   92   53   94   98   72  128  147  133   59   64   97   87  103  131
   42   85   78   61   73   61  100   71   50   80   78   88   83   71   22   58   45   55   72   79   69   31   70   85   56   39   46   46   93   81   59   72   71   52   77   81   90   95   74   52   35   58   70  112  130   66   76   70   90   89   79   40   78   88   97  102  104   32   28   74   56   51   81  102   46   43   19   58   50  105   54   49   96   25   71   85   90   30   90   91   74  124  118   90   68   63   87   61   82   86   39   95  126  112   58   29   53   63   97   90
   32   75   79   62   58   80   74   72   78   75   72   74   69   52   58   86   81   71   87   75   54   59   43   58   80   95   94   81   96   79   75  100   57   76   62   71   82   49   82   80   60   94   86  113   92    8   72   65   63   83   73   68   72   61   72   94  122   55   51   90   72   95  107   81   81   71   55   94   24   79   39   79  135   81   97  104  101   65   69   70   90  140  123   95   73   82   73   34   75   79   87  137  134  120   48   45  101   86  113  143
   79   54   77   60   76   80  112   71   64  115  112   87   82   76   59   62   87   77   45   57   74   35   77   62   93   81   79   65   75   58   73   76   83   89  102  100   95   67   27   56   72   95   47  107  136   63   68   10   76   68   78   48   95  106  100  108  108   51   47   79   61   85   89  109   83   47   56   95   64   92   73   86  121   67   82   49   93   67   97   98   88  129   99   71   49   27   89   86   86   90   93  140  154  140   95   43   86   82  124  141
   67   42   70   53   69   68  102   63   52  103  100   77   72   64   47   50   86   89   57   69   62   23   65   50   81   69   67   53   63   46   61   64   71   77   90   88   83   79   39   48   60   83   59  104  133   68   56   22   74   80   76   36   83   94   88   96   96   39   35   76   58   76   77   97   71   35   44   83   52   80   61   74  109   55   70   61  105   55   85   86   76  126  100   72   50   15  101   74   74   78   87  128  142  128   83   31   74   70  112  129
   93   86   99  106  112   91   92   92  118   61   58   74   69   52   73   89  119  113   87   75   54   89   61   76  101  100   93   76   99   82  101  130  100  103   65   46  110  127  105  108   86  109   89  133  146   86   85   88   75   83   73  102   44   33   22   99  131   83   79  121  103  103  138  133   97  101   70  109  102  141   79  100  146   96  105  127  141   81  123  122  110  169  159  133  111   81   99   60   94   90  113  142  139  125  109   96  100  114  147  158
   76   78   75   58   74   55   93   44   73   94   91   73   78   85   67   69   93   83   90  102   83   44   94   92   97   64   57   40   72   82   82   83  101   93  111   94   74  102   91   69   80   75   92   85  114   89   86   83   81   91   82   57   72   81   70  101  117   59   55   97   79   97   98  103   91   54   64  103   73  122   81   94   98   76   57  113  135   75   93   92   97  147  119   91   69   60  106   87   46   42   91  147  155  149   92   52   64   90   99  150
   53   85   78   61   45   67  100   75   81   69   66   75   70   53   50   76   40   50   82   72   51   56   62   77   71   87   94   82   88   89   90   93   48   67   91   91   99   66   99   77   59   86   84  116  121   37   63   95   72   84   74   65  101   90   83  111   77   42   38   91   87   87  106   36   74   68   47   86   53  100   26   66  138   73   76  116   92   58   24   25   98  155  117   94   72   80  102   63   79   75   46  102  121  107   69   60  101   73  101  135
   75   81   84   89   73   95   92   79   93   74   77   67   62   79   55   48   12   22   54   66   79   76   88   96   88   84   91   91   60   77   83  117   70   84   83  101   71   38   80   90   68   91   56  116  136   65   78   95  100   68   58   85   93  104  109   83  105   65   61   88   70   84  105   64   79   88   52   91   81  120   54   82  136   70   48  102  120   63   52   53  104  138   89  100   78  108   98   91   71   67   18   74  105   91   91   74   98   96   90  132
   27   70   75   58   58   73   97   68   47   65   63   78   73   56    7   55   60   70   65   64   54   28   55   70   41   36   43   58   80   66   56   69   56   37   85   66   86   86   71   42   20   43   67  109  115   51   71   67   75   80   70   37   78   73   82   94  101   17   13   66   53   36   78   87   31   40    4   43   47   90   39   34   93   22   68   70   75   15   75   76   59  121  103   75   53   60   72   46   67   71   54   95  113   99   43   26   50   48   83   84
   33   76   69   52   64   67   91   62   41   71   69   84   79   62   13   49   54   64   63   70   60   22   61   76   47   30   37   52   86   72   50   63   62   43   79   72   81   88   65   43   26   49   61  103  121   57   67   61   81   85   76   31   72   79   88   93   95   23   19   65   47   42   72   93   37   34   10   49   41   96   45   40   87   16   62   76   81   21   81   82   65  115  109   81   59   54   78   52   73   77   48   89  119  105   49   20   44   54   88   90
   77   93   81   64   80   77  113   74   63  114  111   97   92   75   58   59   95  104   85   94   73   34   84   99   92   80   78   62  113   97   72   35   95   88  101   99  104  110   81   59   71   94   83  115  144   79   83   73   94   97   95   47   94  105  105  120  107   50   46   78   69   87   81   46   82   44   55   94   63  131   72   85  120   66   79  103  126   66   34   35   87  137  125   97   75   66  123   93   89   85   98  139  153  139   93   42   85   59  111  140
   49   74   82   65   62   79  110   75   60   86   83   92   87   70   29   62   85   75   69   81   68   35   77   92   63   66   73   64   84   70   69   76   77   59   89   70   92  104   78   56   42   65   71   96  119   60   80   74   89   92   91   44   91   83   86  104  108   21   17   70   66   66   85   58   53   47   26   65   60  112   43   56  117   52   81   95   97   37   70   69   81  134  123   95   73   67  102   68   89   92   82  121  135  121   65   39   80   52  105  114
   89   76   34   51   67   82   94   40   94  114  111   69   64   79   79   99   71   81   73   78   81   66   70   55  105   79   72   67   55   72   45   83   95  101   84   76   12   21   72   97   92  102   75   81  110   65   80   78  102   50   60   85   86   89   98   24   90   71   67  107   89  106  124  107   99   84   76  115   81  132   93  106  124   57   71   94  138   87  111  112   97  157  112   84   62   78  109   79  108  112   77  130  148  147  105   75   75  102  113  163
   71   28   56   73   89   70   94   87   76   97  100   69   74   91   86   91   55   45   77   89   93   92  100  103   86   90   83   66    7   24   93  123   63   82   85   66   60   69  109  113   96  101   79  128  150   95   74   92  103   72   78  101   84   73   84   72  119   78   74   81   93   75   84  125  110  104   83  122  111   84   91   59  133  105   71  131  154   94  115  114  107  111  132  106   84   55  106  100   60   64   61  117  148  134   87   96   90  109  113  118
   81   90   66   49   65   87   76   59   92   98   95   51   46   29   84   90   92   91   59   52   31   57   38   53   78   70   63   80   69   86  101  104   77   82  102   83   89   60  102   87   65  107   61  100   88   73   62  102   52   60   50   76   81   70   59   93   92   79   75   93   75   80  110  118   86   75   81  120   89   60   56   96  149   95   90  124  130   70  106  107   87  143  101   73   51   86   84   47   88   91   90  146  146  149   97   71   70  110  128  167
   77  106   64   81   97   90  119   70   64  103  106   96   91   80   84   77   41   51   83   95   82   73   81   67   93   90   83   97   85  102   54   92   99   89   54   72   42    9   51   80   97  120   85  111  137   53  107   66  103   80   87   75   96   85   96   54  120   85   81  116   98   88  116   77  108   85   81  120   69  111   83  111  121   87   77   73  117   92   81   82  115  166  118  114   92  103   97   79  100   96   47  103  134  120   93   71   90  116  110  161
   62   84   60   67   69   77   60   81   85   68   66   35   30   13   42   83   80   74   44   32   11   50   22   37   54   79   77   86   89   80   94   97   61   50   84   67   83   94   74   45   23   78   46  106  107   57   46   91   32   44   34   57   65   54   43   51   67   52   48   76   58   60   93   98   44   68   39   78   73   98   36   69  136   65   86   96   88   28   86   87   62  126  106   78   56   87   64   31   72   71   74  124  121  107   78   64   84   83   96  127
   90  112   88   95   83  105   88  109  113   96   94   63   58   41   70   97   78   88   72   60   39   78   50   65   82  107  105  114  117  108  122  125   86   78   56   75  111  104  102   73   51  106   74  134  135   75   74  119   60   72   62   85   92   81   70   79   39   80   76  104   86   88  121   74   72   96   67  106   91  126   64   97  164   93  114  124  116   56   62   63   90  154  116  106   84  115   92   59  100   99   84  136  133  119  106   92  112  111  124  155
   72   75   51   68   64   68   51   82   80   65   62   26   21    4   59   78   71   71   39   27    6   45   13   28   53   75   68   80   88   71   89   92   52   57   69   50   75   85   91   62   40   93   41  101   98   48   37   90   27   35   25   64   48   37   26   68   83   61   57   73   55   55   90   93   61   63   56   95   64   93   31   71  137   82   93  113  105   45   81   82   62  123  113   85   63   78   59   22   63   66   65  121  138  124   74   59   75   92  103  142
   67   61   78   95   89   86   18  103   86   19   16   43   48   65   78   89   81   71   85   88   67   67   74   84   81  103   96   79   82   65   83  108   79   77   70   64  102   92  110   81   59  114   87  144  129   48   64  106   72   62   52   76   74   63   52  115  140   79   75   98   80  110  115   94   80   79   75  114   32  101   70  105  129   89   73  132  124   64   84   83   96  148  140  112   90   88  109   70   29   33   82  136  133  119   83   53  103  110   83  151
   49   60   70   53   50   28   84   61   52   85   82   80   75   64   46   48   66   56   74   83   62   23   73   65   70   37   30   13   72   64   61   62   74   66   88   69   62   75   70   48   59   48   72  102  118   68   59   62   83   86   79   36   45   56   67   74   96   38   34   76   58   76   77   95   70   33   43   82   52   95   60   73   77   55   30   92  114   54   83   84   76  126   96   86   64   33   85   82   73   69   72  128  142  128   65   31   37   69   72  129
   81   92   52   69   82   60   99   58   84  117  114   74   69   57   78   80   93   88   91   80   59   55   48   33  100   69   62   45   77   94   43   81  100   98  102   83   30   43   94   80   83   80   93   99  128   83   85   94   80   68   73   68   77   84   87   42  108   70   66  108   90  108  109  127  102   65   75  114   84  127   84  105  109   75   62  116  146   86  115  116  108  158  128  102   80   65   96   57   98  101   99  148  166  160   97   63   69  101  104  161
   83  123   91   74   90   70  132   84   70  121  119  107  102   85   63  106  115  106   74   62   83   79   93   78   95   31   38   55  102  119   72   34   94   91  123  104  108  112  115   93   76   90   76  125  154  107  101  118  104   90  100   81   87   98  109  122  117   73   69   64   64   34   47  115   87   91   60   99   98  109   95   90  127   77   98  126  131   71  103  104  115  132  135  107   85  101   70  102  117  121  109  150  169  155   99   77   45   91   89  140
  148  162  134  117  133  149  169  128  149  183  180  144  139  137  128  161  144  134  102  114  135  134  146  157  162  110  117  134  172  166  151  113  159  158  188  169  138  135  136  152  139  156  104  164  193  159  144  119  156  125  135  143  166  177  167  170  179  112  116  136  118  113  126  190  151  146  125  164  159  179  142  155  199  151  158  158  196  136  178  179  171  186  156  128  106  136  146  155  188  191  150  206  214  220  161  138  124  143  168  213
   90  104   76   59   75   97  111   70  101  125  122   86   81   79   70  103   86   76   44   56   77   76   88  103  104   99   92   83  114  108  110  117  101  100  130  111   80   77   78   94   81   98   46  106  135  101   86   61   98   67   77   85  115  120  109  112  121   54   58   78   60   84   95  132   93   88   67  106  101  121   84   97  141   93  100  100  138   78  120  121  113  128   98   70   48   78   88   97  130  133   92  148  156  162  103   80   99   85  142  155
   65   79   51   34   50   72   86   45   76  100   97   61   56   54   45   78   61   51   19   31   52   51   63   78   79   74   67   80   89   83   85   92   76   75  105   86   75   83   53   69   56   73   21   81  110   76   61   36   73   42   52   60  102   95   84  105   96   29   33   53   35   59   70  107   68   63   42   81   76   96   59   72  133   68   76   75  113   53   95   96   88  103   73   45   23   53   63   72  105  108   67  123  131  137   78   55   74   60  118  130
   74   70   42   25   41   63   77   36   83   91   88   52   47   45   54   85   52   42   10   22   43   52   54   69   78   65   58   75   80   74   83   99   67   74  112   95   66   74   62   60   47   64   12   72  101   76   52   45   64   33   43   69   93   86   75   96   87   38   42   44   26   50   61  116   59   70   51   90   74   87   54   81  140   77   67   84  112   52  104  105   79   94   64   36   14   49   54   63  102  103   58  114  122  131   69   53   65   69  109  139
   59   16   74   57   73   61   76   71   61   96   93   51   46   63   73   76   85   75   44   56   65   49   72   76   68   81   74   57   37   20   87   90   45   64   81   62   57   88   65   74   79   92   42  102  131   70   30   48   70   60   50   62   80   69   80   70  122   65   61   74   56   84   91  105   89   61   70  109   78  106   87   73  118   81   74   87  125   81   93   94   95  107   96   68   46   11   88   81   48   52   84  140  154  150   75   57   81   96  102  148
   87   44  118  101  117  105   59   87  108   60   57   84   88   71   72  104   71   81  104   94   73   79   62   77   64   98   91   98   65   48  117  117   79   60  109   90  117  115  125  101   79  108  102  128  112   79   90  108   55  102   92   92   91   80   91   98  151   88   84  125  114  115  128   77   98   89   75  114   73  142   98  105  112  101   56  126  142   82   67   66   90  135  148  128  106   71   92   53   12   16   65  121  152  138  103   87   98  119   66  134
  125   82  132  135  151  131   97  125  142   98   95  122  119  107  110  135  109  119  100   88  109  117   98   83  102  106   99  116  103   86  148  155  117   98  128  109  115  117  163  139  117  146  102  162  150  117  128  146   93  116  123  130  128  117  128  127  135  126  122  134  116  106  151  115  136  127  113  152  111  150  134  143  150  139   94  164  180  120  105  104  128  173  137  109  124  109   56   91   50   54  103  159  190  176  135  125  106  152  104  172
   86   84   78   64   80   60   78   74  106  101   98   53   48   36   78  100   96  103   71   59   38   72   27   12   79   35   28   45   97   80   88  100   79   83   57   38   75   46   97   84   62   80   73  115  130   62   64   84   59   62   52   91   62   51   62   87  107   88   84   87   87   87  104  120   83   90   75  114   78  124   63  103  127   81   88  119  127   67  113  114   94  155  125   97   75   77   75   36   77   81   92  148  157  143  102   85   35   81   93  155
   74   31   94  104  120  107   97  100  108  111  108   72   77   94   92  123   92   82   91  103   96   96  103  107  115  126  119  103   44   27  122  137   92  111   88   69   72  103  112  107  105  128   89  141  163   98   77   95  106   91   81   95   87   76   87   85  151   84   80   68   86  112   85  128  116  108   89  128  114  121  106  110  163  115  107  134  160  100  118  117  141  114  143  115   93   58  135  103   63   67   98  154  179  165   90  102  126  115  117  155
   77   90   75   82   84   92   75   96   96   83   81   50   45   28   57   98   95   89   59   47   26   65   37   52   69   94   92  101  104   94  100  112   76   65   99   82   68   81   89   60   38   93   57  117  122   72   61  106   47   59   49   72   80   69   58   36   82   67   63   61   43   73   78  113   59   83   54   93   88  113   51   84  136   80  101  111  103   43  101  102   77  111   98   93   71  102   79   46   87   86   89  139  136  122   93   70   99   98  111  142
   74   99  104   90   87   96  104  100   85  111  108   79   74   57   54   87  108  100   88   76   55   60   66   81   73   91   98   89  109   95   94  101   50   69  114   95   97  110  103   81   67   90   86  141  144   85   65   99   76   88   78   69  109   98   87   65  111   46   42   90   72   91  107  116   78   72   51   90   85  137   68   78  142   77  105  120  122   62  104  105  100  140   69   97   98   92  108   75  100  104  102  146  160  146   90   64  105   77  115  139
  108   90   77   94  110  115   70   83  114   71   68   90   95   98  112   75  111  121   93   81  100   88   93   98  127  122  115  100   98   86   88  126  117  123   69   50   55   64  111   89  110  135   95  124  153  100  111  121  118   93   99   77   68   57   68   67  133  104  100  127  109  109  118  140  131   98  109  148   84  153  122  139  167  100  114  133  175  115  130  129  140  173  136  127  105  117  113   84   75   79  117  166  163  149   92   96  118  135  129  194
   89   71   96   95  110   96   51   81   95   52   49   71   76   79   93   56   92  102   74   62   81   69   74   81  108  104   97   81   84   67   86  108  107  104   50   31   74   83   92   70   91  116   76  122  144   81   92  108   99   90   80   58   49   38   49   86  142   85   81  108   90   90   99  121  112   79   90  129   65  134  103  120  152  101  100  114  156   96  111  110  122  154  148  120   98   98   94   65   56   60   98  147  144  130   73   77  104  116  110  175
   66   82   70   53   69   60   97   63   52   88   91   86   81   64   47   10   46   56   74   83   62   23   73   88   81   69   62   45   94   86   61   62   87   77   90   77   93   96   70   48   60   72   72  104   98   68   72   62   83   86   84   36   55   66   77  109   96   39   35   76   58   76   77   95   71   33   44   83   52  119   61   74  109   55   68   92  115   55   83   84   76  126  114   86   64   55  112   82   82   78   52  108  114  100   82   31   69   70  110  129
   84  108  108   99  104   93  108   95  108  100   98   83   78   72   64   68  100   90   71   83   74   81   81   91   24  101   96  103   97  112  112   85   47   28  102  118  125  108   58   77   55  100   69  129  120   96   62   75   95   92   82   81  113  105   94  129  139   74   70   37   55   84   40  126   66   91   61  100  103  104   71   75  120   87   64   80  110   50  114  115   94  101   69   97   88  103  115   81   76   80   99  155  153  139  100   82  103  105   74  142
   82   84  110  103  119  118   72  117  112   73   70   97  102  113   92   74  100   90  112  124  111   93  109  122  104  127  120  103  105   88  109  134  113  104   96   89  125  118  111   99   77  128  110  158  156   74   98   94   97  116  106  102   87   76   87  138  142   96   98  117  106  129  120  104   98  105   89  128   58  130  105  119  167  115  116  133  142   82   94   93   79  162  142  114   92   57  139  100   83   87  106  113  110   96   98   79  127  119  137  175
   73  116   95   78   94  116   80   92  100   43   46   92   87   70   53  104   95   85   91   89   68   77   69   84   65   90   97  106  123  112  109  118   80   61  119  100  119  130   85   56   34   89   93  133  153   86   95  102   71  101   91   68   98   87   82  108  124   63   59  112  106   90  109  115   55   89   50   89   94  119   85   80  147   76   97  107   99   39  103  104   36  119  117   89   67  100   99   60   91   95   96  135  132  118   89   79  104   76  107  138
   52   95   74   57   73   95   90   71   79   58   56   71   66   49   32   83   74   64   70   68   47   56   48   63   44   69   76   85  102   91   88   97   59   40   98   79   98  109   64   35   13   68   72  112  132   65   74   81   68   80   70   47   77   66   77   87  103   42   38   91   85   69   88   94   34   68   29   68   79  104   64   59  126   55   76   86   78   18   82   83   52  135   96   68   46   81   78   39   80   84   75  114  111   97   68   58   83   73   86  117
  102   98   72   70   86  108   80   80  111   81   78   72   67   50  101  111   80   70   38   50   52   78   59   74   99   91   84  101   90  102  111  125   95  103  123  104   96   81  110   88   82   86   40   96   67   94   80   93   73   56   66   97  102   91   80  114  113   86   90   72   54   78   89  139  103   96   98  137   94   39   77  117  168  116   96  132  147   87  127  128  108  122  112   84   62   93   82   68   91   95   86  142  167  159   97   81   91  117  138  156
  100  125  105  103  113  130  113  104  111  114  111  105  100   83   80  113  113  103   71   83   85   86   92  107  114  117  117  115  123  121  120  127  128  110  140  121  129  114  129  107   93  116   73   63   34  111  113  125  106   89   99   95  135  124  113  147  146   72   68  105   87  111  122  142  104   98   77  116  111   72   94  107  168  103  118  146  148   88  130  131  132  155  145  117   95  118  115  101  124  128  119  172  186  172  116   90  124  103  128  165
  110  130  103   86  102  124  139   72  135  146  143  114  109   92  112   86  122  112   93  105   94  112  101  116   94  125  118  129  150  134   95  133  109   90  140  146  102  130  161  139  117  143   91   31    2   86  124  148  115  116  113  127  131  133  122  132  147  104  100  123  105  133  140  159  128  129  109  148  102  104  117  137  142  132   86  156  172  112  147  148  140  173  147  119   97  132  137  110   98  102  128  184  183  174  126  122  125  135   96  164
   76   60   78   61   77   74   75   47   96   76   73   53   58   73   56   88   52   42   74   86   75   69   78   91   24   58   51   59   80   64  107   77   39   20   94   99   77   75   93   69   47   92   76   88   72   79   54  108   71   72   62   59   91   96  103  107  122   66   62   85   90   93   88   93   58   79   53   92   89  134   63   67   72   62   16   86  102   42   83   82   86  149  117   94   72   79  108   69   28   32   58  114  145  131   92   77   58   93   26   94
   48   91   75   78   74   61   90   81   93   91   88   83   78   61   74  102   70   80   96   84   63   75   52   67   79  100   93   76   96   95   83  116   73   75   78   87   53   20   71   96   76  110   98  122  108   24   88   77   79   91   82   84   88   77   88   65  131   71   67  106   88  111  123   97   97   87   71  110   40   95   55   95  127   97   71   93  117   81   85   86   88  156  139  111   89  105   89   50   83   87   76  132  150  136   64   61  100  102   81  149
   76  119   75   76   92  110  117   90   89   95   92   92   87   70   70   98  104  102  101   89   68   71   79   94   82   71   78   95  122  123   99  112   72   78  114  112   99   86  102   73   51  106  103  131  144   60   87  110   47   91   91   80  110   99  100  125  141   80   76  114   96  107  121  120   72   83   67  106   76  105   91   97  146   93  114  124  116   56  110  109   22  105  132  104   82  103  116   77   90   86  110  140  137  123   67   69   85   52  119  155
   66  105   58   59   75   97  100   73   72   78   75   75   70   53   53   81   87   85   84   72   51   54   62   77   65   88   88   84  105  109   82   95   55   61  111   95   82  103   85   56   34   89   86  114  135   77   70   93   30   74   74   63   93   82   83  108  124   63   59   97   79   90  104  103   55   66   50   89   73   88   76   80  129   76   97  107   99   39   93   92    5   88  115   87   65   86   99   60   73   69   93  123  120  106   50   52   81   35  102  138
   69  112   39   56   72   94   99   70   53   75   78   74   69   72   60   65   91   81   78   83   70   62   81   96   84   77   84   92   96  112   90  103   74   80   95   76   63   94   98   75   53   96   80  111  116   93   85  101   49   55   65   64   74   63   74   93  121   70   66  105   87   77  105   84   74   74   57   96   81  107   92   87  110   63  101  120  118   58   74   73   24  107  117   89   67   94  113   79   92   88   95  104  101   87   69   60   91   54  118  137
   87   79    3   20   36   58   63   34   85  100   97   38   33   50   77   83   75   74   42   47   52   50   59   69   87   63   56   73   60   77   82   97   64   83  103   84   27   58  103   81   64   96   44   75  104   74   49   90   73   19   29   69   88   91   80   57   85   61   65   76   58   75   93  117   68   68   74  113   85  109   69   92  142   88   65  125  129   69  105  106   60  126   81   53   31   66   79   68  109  112   69  125  117  123   94   64   63   90  107  154
   61   81   69   52   68   67   91   62   13   92   89   81   76   63   41   49   78   88   63   65   61   22   72   87   71   58   65   52   82   83   50   63   48   67   79   83   92   60   58   36   53   77   61  103  132   57   63   61   82   82   72   24   72   83   93  105   95   34   30   65   47   37   65   96   64   34   38   77   41  112   56   68   70   44   67   80  108   48   84   85   64  115  113   85   63   54   73   79   83   79   72  117  141  127   77   20   72   65  109  118
   79   56   75   86   82   60   75   96   47  105  103   50   45   62   69   80   44   54   71   83   64   56   67   81   37   92   92   75   69   52   84   74   14   33  107   94   99   94   92   70   60  105   69  129  125   63   29   94   85   59   49   58   96   85   92  110  129   68   64   98   81   71   99   98   71   68   66  105   75  120   76   42  104   78   69  114  115   55   86   87   64  139  121  114   92   57   97   58   81   85   38   94  125  111   95   54   87   99   79  147
   84   57   80   91   87   65   80  101   52  110  108   55   50   67   74   85   49   59   76   88   69   61   72   86   42   96   89   80   74   57   89   79   19   38  112   99   98   99   97   75   65  110   74  134  130   68   34   89   90   64   54   63  101   90   97  111  134   73   69  103   86   76  104  103   76   73   71  110   80  125   81   47  109   83   74  119  120   60   91   92   69  144  126  109   87   52  102   63   86   90   43   99  130  116  100   59   82  104   84  152
   47   62   50   33   49   48   82   43   32   83   80   66   61   44   27   30   66   73   54   63   42    3   53   68   61   49   47   33   82   66   41   44   67   57   70   68   73   79   50   28   40   63   52   84  113   48   52   42   63   66   64   16   63   74   74   89   76   19   15   56   38   56   57   77   51   15   24   63   32  100   41   54   89   35   50   72   95   35   65   66   56  106   94   66   44   35   92   62   64   60   67  108  122  108   63   11   54   50   92  109
   58   95   83   66   58   80   79   76   65   56   59   99   94   77   60   63   72   62   79   67   75   36   86  101   86   82   80   66  100   99   74   77  100   82  102   83  106  112   83   61   55   96   81  117  146   81   85   75   91   95   97   49   81   70   81  122  109   52   48   89   71   89   90  102   76   48   57   96   65  102   74   87  122   68   83  105  120   60   92   91   89  139  127   99   77   68   99   81   97   93   78   92   89   75   74   44   87   83  125  142
   40   83   68   85   94   92   83   99   82   46   49   87   92   75   50   36   62   52   84   96   76   69   70   85   76   87   94   77   90   83  102  108   81   72   66   47   92  108   96   67   45   86   86  140  118   64   96  108   55   84   94   79   45   34   45  119  100   60   56  101  100   87  104   66   66   79   47   86   80   92   82   77  139   73   78  116  110   50   56   55   53  136  128  100   78   99  100   61   94   94   68   75   72   58   56   77  101   83  118  135
   65   75   77   94   84   62   77  102   77  103  101   52   47   64   45   96   74   84   73   85   66   69   73   83   39   82   89   77   54   71  102   76   16   35  109   98  101  109  109   80   58   81   71  131  127   65   31  108   87   61   51   78  109   99   94  119  125   55   51   99   85   82  102  100   69   81   42   81   81   90   52   12   93   68   71  111  113   53   88   89   66  149  132  113   91   72  112   82   83   87   68  124  137  123   81   72   96   86   81  130
   69   84   28   11   27   49   88   21   54   99   96   63   58   57   49   52   85   75   43   55   58   19   66   65   83   32   25   42   91   88   63   66   89   79   92   90   51   68   72   50   55   77   45   62   91   61   74   64   79   44   54   38   74   85   87   67   54   41   37   77   59   78   79   99   67   37   46   85   54   98   60   76  111   57   52   94  117   57   87   88   65  127   72   44   22   57   87   75   86   82   89  130  108  122   85   33   32   72   90  131
   56   96   79   82   87   97  105   92   43   94   92   80   75   58   36   79   89   79   47   35   56   52   67   82   70   58   65   82   75   92   80   61   78   66  109   95  103   90   88   66   49   72   49  109  138   80   89   91   77   63   73   54  102   99   88  116  125   46   42   55   37    7   72  116   60   64   33   72   71   82   68   63  100   51   97   99  104   44  104  105   88  105  121   93   71   84   43   75   96   95   83  124  142  128   72   50   72   77  112  113
   87  111  107  102  107   96  111   98  105  103  101   86   81   75   67   71  103   93   68   80   77   80   84   94   27  100   93  106   94  111  109   88   50   31  105  121  128  106   55   80   58  103   66  126  123   99   65   72   98   91   85   78  116  108   97  131  136   77   73   34   52   81   37  123   69   92   64  103  100  101   74   78  123   90   67   77  113   53  117  118   97   98   66   94   91  106  112   84   79   83  102  158  156  142  103   79  100  108   77  145
   92   88   80   76   92   98  108   87   78   94   97   83   78   76   72   80   83   73   41   53   74   53   85  100   54   73   66   83   67   84   82   91   77   58  111  113  104  125   82   63   85   91   39   99  128   89   79   92   95   64   74   51  104  115  106  104  109   64   60    7   25   55   10   96   96   65   69  108   73   74   86   99  135   81   94  104  140   80  105  106   97   93   93   87   65   85   85   94  106  110   89  145  162  148  100   52   73   95  104  119
   45   64   52   35   51   50   80   45   30   81   78   68   63   46   25   32   68   71   52   64   44    5   55   70   59   47   49   35   80   66   39   46   65   55   68   66   75   77   48   26   38   61   50   86  115   46   50   44   65   68   62   14   61   72   76   91   78   17   13   54   36   54   55   79   49   17   22   61   30  102   39   52   87   33   52   70   93   33   67   68   54  104   96   68   46   37   90   64   66   62   65  106  124  110   61    9   56   48   94  107
   62   81   69   52   68   67   97   62   47   96   93   85   80   63   42   49   85   88   69   81   61   22   72   87   76   64   66   52   97   83   56   63   82   72   85   83   92   94   65   43   52   78   67  103  132   63   67   61   82   85   79   31   78   89   93   85   95   34   30   71   53   71   72   96   66   34   39   78   47  119   56   69  104   50   69   87  110   50   84   85   71  121  113   85   63   54  107   78   83   79   82  123  141  127   78   26   73   65  111  124
   40   83   60   43   59   81   76   57   67   45   42   59   54   37   20   71   62   52   56   56   35   44   36   51   32   57   64   73   90   79   76   85   47   28   86   67   84   97   52   23    1   56   58   98  120   53   62   69   56   68   58   35   65   54   65   75   91   30   26   79   72   57   76   82   22   56   17   56   67   92   52   47  114   43   64   74   66    6   70   71   38  121   82   54   32   67   66   27   68   72   61  102   99   85   56   46   71   61   74  105
   40   83   72   55   71   81   88   69   55   56   54   69   64   47   20   63   72   62   68   66   45   36   46   61   32   57   64   66   93   79   64   77   47   28   93   77   96  102   62   33   11   56   70  110  120   63   62   75   66   71   61   45   75   64   75   85  101   30   26   79   61   57   86   82   22   48   17   56   55  102   52   47  112   43   64   84   66    6   70   71   50  129   94   66   44   68   76   37   76   80   73  112  109   95   56   34   71   61   74  105
   47   67   55   38   54   53   77   48   27   78   75   71   66   49   27   35   68   74   49   61   47    8   58   73   60   44   51   38   83   69   36   49   62   56   65   69   78   74   51   29   39   63   47   89  118   43   53   47   68   71   65   17   58   69   79   94   81   20   16   51   33   51   58   82   50   20   24   63   27  105   42   54   84   30   55   73   94   34   70   71   51  101   99   71   49   40   87   65   69   65   62  103  127  113   63    6   58   51   97  104
   88  104   95   78   94   72  123   88   73  124  121  111  106   89   68   75  110  100   95  107   87   48   98  105  102   81   74   57  116  108   82   89  108   98  111  109  106  119   91   69   81   92   93  129  158   89   93   87  108  111  105   57   89  100  111  118  121   60   56   97   79   97   98  122   92   60   65  104   73  139   82   95  115   76   74  113  136   76  110  111   97  147  139  111   89   77  123  107  109  105  108  149  167  153  104   52   81   91  116  150
   52   63   67   50   53   31   87   60   49   88   85   83   78   61   43   45   69   59   71   80   59   20   70   68   73   40   33   16   75   67   58   59   77   69   87   72   65   78   67   45   56   51   69  101  121   65   62   59   80   83   81   33   48   59   70   77   93   35   31   73   55   73   74   92   67   30   40   79   49   98   57   70   74   52   33   89  111   51   80   81   73  123   99   83   61   36   82   79   70   66   75  125  139  125   68   28   40   66   75  126
   47   63   51   34   50   47   83   44   33   84   81   67   62   45   28   29   65   74   55   64   43    4   54   69   62   50   48   32   83   67   42   43   68   58   71   69   74   80   51   29   41   64   53   85  114   49   53   43   64   67   65   17   64   75   75   90   77   20   16   57   39   57   58   76   52   14   25   64   33  101   42   55   90   36   49   73   96   36   64   65   57  107   95   67   45   36   93   63   63   59   68  109  123  109   63   12   55   51   91  110
    8   51   89   72   69   69   93   82   66   56   59   89   84   67   18   68   72   62   76   71   65   42   66   81   52   55   62   54   72   55   75   82   67   48   86   77   91   76   82   53   31   54   78  123  116   32   82   81   86   91   81   51   77   66   77  105  115   28   24   77   72   55   92   97   42   53   15   54   48   95   50   45  112   41   71   84   86   26   85   86   70  136  114   86   64   74   91   57   78   76   73  107  104   90   24   45   69   59   94  103
   54   89   72   55   39   61   94   69   75   63   60   69   64   47   44   77   62   52   78   66   45   50   56   71   67   81   88   76   90   85   84   91   80   63   91   85   96   81   93   71   57   67   80  110  121   37   80   89   66   78   68   59   99   88   77  107  109   36   32   85   81   81  100   68   68   62   41   80   53  108   20   60  132   67   78  110  112   52   56   57   96  149  116   88   66   82   98   63  104  105   68   92   89   75   70   54   95   67  109  129
   48   76   59   42   26   48   81   56   62   50   47   56   51   34   31   64   49   39   65   53   32   37   43   58   54   68   75   63   77   72   71   78   67   50   78   72   83   68   80   58   44   67   67   97  108   24   67   76   53   65   55   46   86   75   64   94   96   23   19   72   68   68   87   55   55   49   28   67   40   95    7   47  119   54   65   97   99   39   43   44   83  136  103   75   53   69   85   50   91   92   55  105  102   88   64   41   82   54   96  116
  100   72   23   40   56   78   83   29   92  120  117   58   53   70   86  102   82   86   62   67   72   69   77   62  100   78   71   74   66   76   56   94   84   96   84   65    1   32   83  100   84  109   64   70   99   76   69   89   93   39   49   88   89   78   89   31   97   78   74   96   78   95  113  118   88   87   83  122   92  129   89  112  131   64   60  105  149   89  122  123   86  146  101   73   51   67   99   86  104  108   88  137  137  149  114   83   64  109  102  170
   91   76   32   49   65   80   92   38   96  116  113   67   62   77   77   97   73   83   71   76   79   64   68   53  107   77   70   65   57   74   47   85   93  103   86   74   10   23   74   95   90  100   73   79  108   67   78   80  100   48   58   83   84   87   96   22   88   69   65  105   87  104  122  109   97   82   74  113   83  134   91  104  122   55   69   96  140   85  113  114   95  155  110   82   60   76  108   77  108  112   79  128  146  145  107   77   73  100  111  161
   51   38   78   67   64   81  104   77   62   88   85   79   84   72   31   64   87   77   71   83   70   37   79   84   65   68   75   66   51   34   71   78   80   61   53   34   56   69   80   58   44   67   73  118  121   62   82   76   91   94   88   46   58   47   50   68  110   23   19   72   68   68   87   78   55   49   28   67   62  114   45   58  119   54   83   97   99   39   81   82   83  121  125   97   75   65  104   70   70   74   84  123  137  123   67   41   82   54  107  116
   94   61   96  107  108   86   86  115  117   78   75   61   66   69   86   84  116  112  103   92   71   92   64   71  112   94   87   71   74   57   76  114   97  108   40   21   85  102  114  103   81  106  105  156  162   78   82   97   92   80   70  101   39   28   39  115  135   78   74  127  118  120  142  128  102  104   83  122   78  141   96  113  161  109  114  136  146   86  118  117  115  144  154  136  114   88   94   55   93   97  110  137  134  120  105   91   94  109  140  171
   76   43   78   89   90   68   68   97   99   60   57   43   48   51   68   66   98   94   85   74   53   74   46   53   94   76   69   53   56   39   58   96   79   90   22    3   67   84  114   85   63   88   87  138  144   60   64  107   74   62   52   83   21   10   21   97  117   60   56  109  100  102  124  110   84   86   65  104   60  123   78   95  143   91   96  134  128   68  100   99   97  126  136  118   96   70   76   37   75   79   92  119  116  102   87   73   76   91  122  153
   20   63   75   58   54   76   70   68   74   68   68   70   65   48   46   82   73   67   83   71   50   55   39   54   68   83   90   77   84   67   71   96   45   64   58   59   81   48   94   76   56   82   82  109   88    4   60   77   59   79   69   64   68   57   68   93  110   51   47   86   68   83  103   69   70   67   43   82   20   67   35   73  131   69   93  112   89   54   57   58   78  136  119   91   69   77   69   30   71   75   79  128  125  111   36   41   97   82  109  131
