100  5
  123  104   91  122  111  124  135  165  102   80   79  112  131  143  115  128  149  192  156  145  124  138  110  159  173  123  129  146  152  152  135  139  124  160  141  125  125  132  138  151  130  120  101  100   74   79  101  156  153  143  146  153  152  143   85   72   81  137  148  132  139  144  121   99   97  105  127  148   98  146  135  108   82  128   97  120  132  140  125  113  130  127  130  145  142  101  127  151  156  157  130  178  141  147  124  142  128  123   68   17
   38   66   69   33   16   37   52  128   68   84   83   73   48   88   61   43   64  137   99   88   90   81   60   75   89   38   54   86  121   89   75   64   87   65   46   30   51   69   98   77   56   50   56   57   83   82   79   84   73   83   74   75   89   68   57   83   85   63   80   75   44   95   49   65   63   61   88   69   64   59   87   54   86   80   58   35   96   61   83   42   80  100  103   52   57   60   74   95  100   78   88   94   60   52   47   80   93   97   87  112
   54   82   80   82   76   55   97  149   73   84   85  105   66   66   64   59   73  156  127  116   95   99   90   75   89   77   61  104  116  123   67   71   99   75   78   62   83   79  108  116   95   89  117  116   90   85   73   76  131  131  125   85   99   46  108   92   85   79   80   93   70   76   67   70   74   66  104   60   69  110   89   59   82   58   89   80   89   55   77   87  110  105  108  103   73   63   37   61   66  104   82   94   54   62   63   96   73   78   96  164
   56   82   94   92   78   57   76  134   82   58   59   92   68  106   87   61   82  123   85   74   77  101   87   71   85   89   87  103  116  120  108   97   56   95   80   64   85   99   79  108   87   77  106  105   79   81   77  116  108  110   82   88  102   86  112   66   59   86   93   95   77   97   69   79  100   94  106   56   78   84   65   88   60   98  106   92   84   61   39   99  107   57   58   77   75   65   77  101  106   61   34   90   62   70   65   60   23   28   70  138
   82  104   83   73   90   83  103  126   76   92   91  122   94   99   69   87   79  130   92   81   98  125   97   52   66   75   83  109   90  119  104   93   97   81  100   86   86  109   95  114   93   87   99   99   73   78   97   97  134  124   96   77   63   79  122   98   93   85   82  121   91  118   95   73   77   69  114   37   72   52   24   62   94   91   96   75  105   76   66   82   95   16   19   81  101   84   58   82   87   88   61   71   75   83   73  101   64   69  102  128
   67   39   75   81   89   68  101  143   67   43   44   77   79  113   80   72   93  155  121  110   89   60   78  117  127   76   70  111   75  107   91   80   87  110   91   75   96   83   89   95   74   68  100  101   85   90   52  123   88   78   81  103  110   96  100   51   44  100  107   66   86  103   80   64   81   80   92  102   63   83   89   73   41  109   89   79   90   97   91   79   98   81   84   76   86   80  105  124  129   78   96  122   98   94   76  109  100  105   55  123
   67   91   35   66   83   68   80  109   70   71   72   68   75  111   63   72   93  137  124  113   92  112   89  107  121   67   83  113  115  118  104   93   83  110   91   75   69   93   99  106   85   79   45   44   18   23   80  100  112  122   94  106  118   91  114   74   72   96  111  106  101  124   80   67   41   49  103   92   66   99   79   56   69   72   41   64  114   84   69   71  109   71   74   92   86   45   71   95  100  101   74  126   85   93   68  101   81   76   78   73
   92   87   66   57   74   91   49  125   92   68   69   99  102  110   83   97   95  106  137  126  105  117   74   79   93   52   68  122  127  103   89   78   84   97  104   88  100  108   92   91   70   64   76   75   49   54   90  117   81   91   95   91   88  111   99   76   67   92   86  115   77   96  103   89   72   80  113   69   88  117   98   78   70  103   72   55   83   60   38   62   94   78   75  110  111   76   78  102  107   70   43   98   61   69   99  106   76   81   80  104
   59   87   66   68   79   58   16   92   59   73   72  105   69   98   50   64   85   73  104   93   72  102   66   67   81   63   79  103   96   99  100   89   51   90   81   65   85   91   75   87   66   56   98   97   71   66   73   92   48   58   78   95  109   78   91   65   74   69  100   96   52   89   70   56   60   52  103   52   55   93   81   45   75   90   80   66   76   37   31   73   86   91   94   86   78   79   53   77   82   53   26   86   36   44   68   96   59   64   69  137
   33   55   22   43   39   32   60   91   15   31   30   63   34   54    6   38   53  107   69   58   37   66   47   50   64   48   56   59   83   65   77   66   41   55   41   25   41   68   96   87   66   57   66   65   39   44   66   68   92   94   73   70   84   34   72   37   32   59   75   60   70   69   34   12   16    8   78   56   11   69   56    1   33   46   36   45   82   53   75   52   67   47   50   62   52   55   69   55   60   64   70   69   54   62   42   75   70   65   41  109
   64   92   87   96   86   65  107  136   60   76   75  108   58   14   73   69   81  132   94   83   82  109   69   93  107   91  107   66   64  110  124  113   84   83   88   72   93   91  118  110   89   79  129  130  104  108   99   97  125  115   87  103   93   34   44   82   77   87  108  103  119   98   77   55   81   73   91   78   56  112  105   66   78   68   99   94  111  115  107  101   89  112  114  118   83   86   99  112  117   98  102  112  116  124   73  101  119  123   86  146
   85   88   88   93  107   86   84  141   65   81   80  109   97   74   78   80   59  117  102   91   70  114   97  101   87   88   95  107   91  115  101  105   49   61   80   93   91   97  102  105   84   88   88   87   85   90  107  105  117  127  109   55   69   90  119   87   82   65   50  108   76  110   82   60   82   78  127   95   61  110   82   71   83  102  102   91  115   59   74   98  117   42   39  105   94  103   77   90   95  106   79   92   60   68   94  105   99   94   91  140
   55   48   52   73   69   54   44  101   25   41   40   73   59   73   38   60   68   77   62   51   30   74   57   82   96   73   88   67   51   75   96   93    9   48   67   55   71   74   95   98   77   67   96   95   69   74   76   98  108  104  103   92   99   66   82   47   42   74   90   68   84  101   42   20   46   38   88   79   21   79   86   31   43   78   66   75   93   69   80   82   77   77   79   72   74   76   87   85   90   96   75  101   70   78   64   89   64   69   51  119
   44   70   82   80   66   45   64  122   70   46   47   80   56   94   75   49   70  111   73   62   65   89   75   59   73   77   75   91  104  108   96   85   44   83   68   52   73   87   67   96   75   65   94   93   67   69   65  104   96   98   70   76   90   74  100   54   47   74   81   83   65   85   57   67   88   82   94   44   66   72   59   76   48   86   94   80   72   49   27   87   95   69   70   65   63   53   65   89   94   49   22   78   50   58   53   48   11   16   58  126
   62   81   80   62   79   63   46  122   61   62   63   96   74   88   74   67   80  103   91   80   83   88   57   41   55   59   65   93  108   90   86   75   62   82   86   70   91   72   49   78   57   47   97   98   85   87   47   86   78   80   52   86  100   68   82   70   61   56   91   94   48   67   75   58   74   74   84   26   57   78   55   67   64   80   85   62   54   31    9   69   77   77   80   71   81   71   47   71   76   31    4   60   32   40   71   66   29   34   74  142
   64   79   78   60   77   65   44  120   63   60   61   94   76   86   76   69   82  101   93   82   85   86   55   39   53   57   63   91  106   88   84   73   64   84   88   72   92   70   47   76   55   45   95   96   87   89   45   84   76   78   50   84   98   66   80   68   59   58   89   92   46   65   77   60   72   74   82   24   59   76   53   69   62   78   83   60   52   29    7   67   75   75   78   69   83   71   45   69   74   29    2   58   30   38   73   68   31   36   72  140
   94   89   83   76   93   95   89  141   82   71   70  103  106  111   99   89   73  115   77   66   87   96   69   84   98   71   79  129   89  102   99   89  100   75   90  102  113   25   46   90   69   59   82   81  100   95   56  119  121  116   88   98  112   91   94   77   72   49  103  100   87   75  107   87   77   85   93   69   86   82   98   92   73  103   80   74   62   74   52   80   89  120  123   75  103   79   84  104  109   74   47  103   75   83  102  101   76   81   81  149
   88   83   77   70   87   89   93  135   76   65   64   97  100  105   93   83   67  109   71   60   81   90   63   90  104   65   81  123   95   96   93   91   94   69   88   96  107   19   40   84   63   53   76   75   94   89   50  113  120  110   82   92  106   85   88   71   66   43   97   94   81   69  101   81   71   79   87   75   80   76  104   86   67   97   74   68   56   75   58   74   83  126  129   69   97   73   78   98  103   80   53  109   76   84   96   95   82   87   75  143
   65   82   85   50   67   64   73  115   83   86   87   87   75   97   83   70   91  162  137  126  105  108   43  100   98   45   61  113  132   76   82   71  104   92   73   57   36   76   47   64   43   33   74   75   83   88   84  105  124  121  102   72   86   95   68   94   87   82   77  102   87  102   76   80   91   83  115   85   79  109   81   76   84  102   71   48  107   70   71   55   63   97   94  103   84   87   83  107  112  102   76  103   71   79   74   66  103  108   98  138
   49   77   81   66   55   48   89  120   74   90   89   81   59   99   67   54   75  158  125  114   96   92   59  105  114   61   77   97  136   92   98   87   96   76   57   41   20   92   63   80   59   49   58   59   67   72  100   89  112  114   86   86   84   79   84   96   91   68   91   86   73  108   60   71   75   67   99   90   70  114   90   60   92   91   87   64   95   56   78   71   79   82   85  107   68   71   67   91   96  105   83  119   57   65   58   82  104  108  100  122
   68   96  113   81   88   67  108  113  101   77   78  111   78   94  105   73   94  143  128  117   96  111   78  130  144   76   79  116  135  107   85   89   75  109   90   74   89  122  124   79   58   68  118  119   98  103   91  140  145  140  124   29   15   74  103   85   78   98   34  105  108   94   79   98  112  104  118  115   97  103  102   98   79  108  102   79  105   95  104   86   98   94   97   96   87   90  104  125  130  123   99  149   96  104   77   79   88   93   89  157
   67   47   59   81   88   68   56  123   47   23   24   57   79   97   60   72   80   89   74   63   42   81   79   82   96   78   62   91   81   97   78   72   21   60   79   75   93   70   88  103   82   76   71   70   44   49   60  120   96   86   89   83   69   88   80   31   24   80   88   75   54   87   66   44   65   60   72   67   43   49   77   53   25  100   71   79   75   71   50   72   99   92   93   42   81   60   86  107  112   70   45  101   70   62   76   71   34   39   35  103
   74   62   70   68   73   74   71  138   62   38   39   72   85  109   73   79   69  104   74   63   57   96   85   97  104   63   47  106   96  112   68   57   36   71   90   81  102   55   73  102   81   75   86   85   59   64   54  111  111  101   96   97   84   89   95   46   39   75   92   90   39   88   81   59   76   75   87   82   58   34   62   68   40   87   56   66   84   56   65   73  105  102  105   27   66   75   72   96  101   55   60   99   55   47   75   86   49   54   50  118
   77   49   66   78   95   78   70  130   54   30   31   64   89  104   67   82   86  127  105   94   76   56   71   69   83   73   76   98  118   97   82   86   74   88  100   84  100   47   68   81   71   61   87   88   83   88   67   90   98   88   80   82   68   95   87   38   29   71   87   62   62   35   73   51   72   67   52   54   50   96   83   60   32  107   80   76   22   45   23   79   91  105  108   89   96   67   63   87   92   55   28   88   46   54   86   98   61   66   42  110
   64   36   53   70   85   65   83  117   41   17   18   51   76   91   54   69   90  129   95   84   63   69   64   82   96   65   66   85  105   84   72   76   61   98   87   71   87   60   81   84   63   54   74   75   70   75   54  103   85   75   78   69   55   82   74   25   16   72   74   64   75   48   60   38   59   54   65   67   37   89   96   47   19   94   67   68   35   58   36   66   84   93   96   82   83   54   75   99  104   68   41  101   59   67   73   96   74   79   29   97
   42   14   50   48   64   43   75  113   42   18   19   52   54   92   55   47   68  130   96   85   64   48   45   98  112   43   59   86  106   74   69   69   62   85   66   50   71   58   87   62   41   35   75   76   67   72   55  106   63   53   56   70   77   72   70   26   19   75   75   42   95   70   55   39   56   55   67   83   38   90  103   48   16   84   64   46   57   80   58   53   65   94   97   83   61   55   80   99  104   90   63  115   81   89   51   77   75   80   30   98
   60   88   67   88   79   59   69  107   60   76   75  108   48   62   53   65   77  122   84   73   82   71   82   90  104   84   91   56   95  110   97  101   82   80   82   66   78   77   97  103   82   72   88   87   61   56  102   31   66   56   28   97  111   81   59   82   77   54  102   77   59   50   71   57   61   53   81   75   56   90   62   46   78   93   81   87   37   42   64   94   68   84   87   93   79   78   60   46   51   55   59  109   43   51   69  102   88   93   86  152
   81   69   56   86   83   80   73   86   79   73   74  107   69   83   72   86   98  143  105   94  101   92   97   82   96   91   78   77  116  129   99   88  103  101  103   87   99   56   85  118   97   87   99   99   73   77   87   52   45   35    7  102  116  100   80   81   74   75  107   97   68   71   92   76   50   58  102   67   75   91   83   65   71  101   70   88   58   63   50   95   89  105  108   84  100   97   81   67   72   34   45  101   64   72   74  107   74   79   85  153
  108   94   95   90  107  109  112   47  118   98   99   83  108  122  111  113  134  182  144  133  140  128  113  121  135   91  107  116  140  142  128  117  142  140  130  114   93   95  124   98  109  103   60   61   80   85  126   91   70   60   32  127  141  138  119  106   99  114  132  122  107  110  121  115   89   97   66  106  114  130  103  104   96  134  103   88   97  102   89   95  128   69   72  123  127  107  120  106  111   73   84  140  103  111   99  132  113  118  110  135
   79  105   54   47   64   78   99   90   89   90   91   86   89  129   82   84  105  156  128  117  111  122   70   88  102   48   64  127  126   99   85   74  102  106   87   71   50  112   93   87   66   60   63   63   37   42   99  103  113  103   75   95   99  109   95   93   91   82  100  116   87  105   90   86   60   68  109   73   85   88   60   75   88   91   60   45  106   70   88   52   90   52   55  106   98   64   88  112  117   99   93  107   71   79   87  102  100   95   97   92
   57   85   76   69   63   56   93  112   82   98   97   89   67  107   75   62   83  156  133  122  104  100   67  104  118   69   85  105  140  100  106   95   88   84   65   49   28   92   71   88   67   57   66   67   59   64  108   81  116  106   78   94   92   87   92  104   99   60   99   94   65  100   68   79   71   73  107   89   78  106   82   68  100   99   82   67   87   48   70   74   87   74   77   99   76   79   66   90   95   99   75  123   49   57   66   90  108  113  108  114
   72   98   49   67   78   71   65  129   66   82   81  107   70   84   59   77   56  128  106   95   81   93   60   76   90   62   78   78  112   93   99   88   60   58   77   64   56   64   79   81   60   50   93   92   66   71   94   53   88   78   50   89  103   87   81   88   83   32   94   99   37   72   83   63   43   45   88   61   62   78   76   52   83   94   63   65   59   20   42   72   80   98   98   71   91   64   38   62   67   71   47   95   21   29   81   92   80   85   92  142
  130  130  116  114  131  131  132  187  128  111  112  103  137  132  119  135  123  195  173  162  148  121  127   63   49  118  134  145  130  160  149  144  127  118  137  131  123  128  138  148  127  117   80   81  107  112  147  120  155  145  117  156  149  112  148  119  110   99  161  127  104  102  143  125  110  112  133   78  124  137  109  114  113  134  130  116  103   87  104  123  147  131  134  138  149  127  101  125  130  131  104   54   88   96  139  159  133  138  123  191
   67   95   93   89   89   68  110  162   86   91   92  118   79   57   77   72   86  169  137  126  108   74  103   96  110   84   68  106  107  135   74   78  112   88   91   75   96   85  100  123  102   96  126  125  110  111   80  104  139  129  101   92   96   37   99   99   91   92   87   80   93   27   80   83   87   79  114   81   82  117  110   72   89   71  102   87   40   76   85   94  123  118  121  110   86   89   94  117  122  112   90  115   77   85   76  109  102   97  103  171
   88  113   87   91  108   87   45  121  101   93   94   68   98   85  108   93  113  134  103   92   71  131   95  102  116   86   70   76   35  106   76   80   80  115  110   94  115  113  119  116   95   85   45   44   70   75   82  130  109  119  125   94  108  105  120  101   94   89   89  125   94   85   99   98   93  101  138  113   97  119  101  106   91  130  101   89   98   77   92   96  104  141  144  112  107   97   95  119  124  114   87  121   78   86   97  127  120  125  105  161
   73   56   68   34   51   72   81  119   60   36   37   70   83  110   73   78   97  140  102   91   82   75   51   84   98   29   13  102   92   80   19   23   80   80   61   65   86   56   62   68   47   41   91   92   85   82   25   96   93   83   98   37   51   90   76   44   37   81   32   81   65   28   79   57   74   73   85   69   56   62   90   66   34   86   55   32   41   82   77   39   71  112  115   55   92   66   85  109  114   57   72  101   81   73   82   83   88   83   48  116
   45   73   89   84   67   46   77  138   62   78   77   96   57   92   75   50   71  152  116  105   84   90   81   89  103   89   80   95  127  112   86   90   88   88   69   53   74  113  119  122  101   91  113  112   86   81   92  117  124  131  103   84   98   72  106   84   79   95   89   84   98   95   58   59   83   75   77   74   58   89   61   68   80   87  103   86  108   85  103   93  101   53   56  103   64   59   83  102  107   91   98  108   86   94   36   69  100   96   88  156
   32   60   60   71   54   33   48  109   33   49   48   81   44   63   46   27   48  123   87   76   55   74   58   90  104   76   92   77  101   83  104  102   59   68   56   40   61   90  114   99   78   68  104  103   77   76   84   94   98  108  108   71   85   43   83   55   50   72   76   68   93  107   42   30   54   46   82   84   29  105   90   39   51   74   74   73  101   87   81   80   78   82   85   80   41   54   70   79   84   88   76  109   86   94   41   74   87   91   59  127
   50   78   75   59   70   49    7   83   68   64   63   96   60  100   56   55   76   82   95   84   63   93   57   76   90   54   70   98   87   90   91   80   42   81   72   56   77   82   84   78   57   47   89   88   62   57   81   89   57   67   87   86  100   80   82   56   65   70   91   87   61   98   61   65   69   61  100   61   64   85   90   54   66   92   80   57   85   46   40   64   77  100  103   78   69   72   62   86   91   62   35   95   45   53   59   89   68   73   60  128
   69   97   86   51   68   68   26  102   87   83   82  115   79  119   75   74   95  101  114  103   82  112   68   85   71   46   62  117  106   97   83   72   61  100   91   75   96  101  103   85   64   58  108  107   81   76  100  108   76   86  106   93  107   99   93   75   84   89   98  106   59   98   80   84   88   80  119   80   83  100  109   73   85  103   72   49   85   65   59   56   88  119  122   93   88   91   81  105  110   81   54   76   64   67   78  100   87   92   79  147
  100  127  106   86  103  101   76  152  100  116  115   87  112  108   91  105  117  151  149  138  122   93  112   35   21   90  106  143  102  141  127  116  111  119  124  108  113  125  110  129  108  102   64   63   89   94  119  112  126  136  124  121  135   94  137  122  117   93  116   99   98  139  113   97  101   93  144   50   96  109   81   86  118  106  111   88  126   81   81   95  132  103  105  106  119   99   73   97  102  103   76   26   82   90  109  142  105  110  126  180
  103  107  103   64   81  102   98  159  104  120  119  109  113  130   83  108  129  173  158  147  126   85   91   57   43   69   85  148  117  120  106   95  130  130  111   95  116  136  132  108   87   81   86   85  111  116  123  134  138  148  131  116  130  116  116  114  121  113  121   79  118  126  105  101  105   97  151   72  100  131  103   90  122  120   89   66  119  101  103   73  111  125  127  127  122  112   95  119  124  116   98   48  102  110  112  123  127  132  118  186
   88   81   81   99  102   87   77  134   58   74   73  106   83   56   71   93  101  110   95   84   63  107   90   85   99  100  116   59   18   89  129  126   42   81  100   88  104   96  117  131  110  100   98   97   98  103  109  122  141  137  129  125  132   76  114   80   75  107  123  101  109  134   75   53   75   71  116  100   54  100   72   64   76  110   95   97  126  102  113  104   75  110  112  101  107  109  120  118  123  129  108  104  103  111   97  122   97  102   84  152
   71   87   64   38   55   70   28  104   65   66   67  100   81  113   76   76   73   99   84   73   52  114   55   84   98   33   49  107   91   84   70   59   31   70   85   69   90   81   73   72   51   45   95   96   81   78   87   68   78   88   87   80   94  101   80   74   65   49   85  108   54   90   82   60   58   62  105   69   61   95   91   69   65   90   59   36   93   37   59   43   75  115  115   88   90   81   55   79   84   83   56  103   38   46   80   87   86   91   78  146
   46   59   42    7   24   45   54   92   63   61   60   81   56   96   56   51   72  130  107   96   83   89   24   53   67    2   18   94   96   53   39   28   62   73   54   38   59   75   86   41   20   14   64   65   59   64   56   98   81   88  100   49   63   76   49   53   62   76   54   83   67   59   57   60   48   56   90   38   59   67   67   49   61   59   28    5   66   64   52   12   44   89   92   60   65   50   59   83   88   59   57   72   65   73   55   56   90   87   57  125
   48   47   50   15   32   49   42   80   52   51   52   75   60   95   64   43   64  131  106   95   74   81   12   65   79   10   26   96  101   41   47   36   74   81   62   46   67   74   74   29    8    2   52   53   67   72   64  105   89   86   89   37   51   78   37   59   52   64   42   75   69   67   61   49   56   64   98   50   48   75   79   57   49   67   36   13   74   52   40   20   32  101  104   68   57   58   70   94   99   67   45   84   53   61   57   44   78   83   63  131
   54   70   59   68   76   55   65  101   68   46   45   78   66   76   74   59   78  125   87   76   90   99   80   93  107   63   47  104  118  109   53   57   81   80   78   62   83   22   28   73   76   70   80   79   53   48    9   80  101   91   85   71   85   56   87   38   47   54   66   93   52   62   67   65   65   73   90   78   64   47   75   69   48   68   45   66   67   69   61   71  100  107  104   40   73   32   58   82   87   68   56  112   68   60   55   88   54   49   42  110
   98   85   75   93  104   97   91  155   85   61   62   95   97  127   85  103   82  149  134  123  102  119   86  102  116   88  101  124  117  119  107  111   81   84   74   90  102   73   82  107   86   76  118  118   92   97   63   99  131  124   96  115  129  110  111   69   62   58  120  113   63  115  104   82   69   71  110   87   81  101  102   78   63  120   89   91  102   46   68   98  106  124  124   94  117   86   64   88   93   97   73  121   47   55  107  118   94   99   73  141
   64   36   48   70   80   65   67  112   36   12   13   46   72   86   49   69   90  100   85   74   53   70   68   93  107   71   61   80   92   86   67   71   32   71   82   66   82   80   86   92   71   65   69   70   55   60   49  109   85   75   78   85   80   77   69   20   13   69   80   64   65   76   55   33   54   49   61   78   32   60   88   42   14   89   62   68   64   82   61   61   88   88   91   53   83   49   75   96  101   81   56  112   81   73   72   82   45   50   24   92
   69   87   42   53   69   70   48  118   77   63   62   95   81   81   69   74   65  108   70   59   80  106   76   98  100   54   43  103  112  105   64   53   64   67   86   77   98   27   45   90   72   66   86   85   59   64   26   97   84   74   90   88  102   61  101   55   64   59   83  102   35   79   82   74   48   56   90   83   73   30   58   63   65   59   28   51   72   52   74   58   96   98  101   23   62   49   68   92   97   51   72   95   51   43   71  104   71   66   59  127
   58   76   53   64   80   59   59  107   73   52   51   84   70   70   68   63   72  119   81   70   91   95   86   87  101   65   53  108  120  115   59   63   75   74   82   66   87   16   34   79   82   76   86   85   59   54   15   86   95   85   79   77   91   50   93   44   53   48   72   91   46   68   71   71   59   67   84   72   70   41   69   63   54   62   39   62   61   63   67   69  106  109  110   34   73   38   64   88   93   62   62  106   62   54   61   94   60   55   48  116
   19   47   45   58   41   20   62  114   38   54   53   70   31   31   29   24   38  121   92   81   60   64   55   48   62   63   79   69   81   88   98   89   64   40   43   27   48   55   73   96   75   65   89   88   62   63   54   84   98  106   95   58   70   11   73   60   55   44   63   58   76   75   32   35   39   31   69   33   34   80   62   24   56   23   54   60   88   72   62   67   75   70   73   73   38   41   54   69   74   75   57   67   71   79   28   61   74   78   64  132
   15   43   41   54   37   16   58  110   34   50   49   66   27   35   25   20   34  117   88   77   56   60   51   52   66   59   75   65   85   84   96   85   60   36   39   23   44   59   77   92   71   61   85   84   58   59   58   80   94  102   91   54   68   15   76   56   51   40   59   54   72   79   28   31   35   27   65   37   30   84   66   20   52   27   55   56   92   71   66   63   71   66   69   73   34   37   53   65   70   71   61   71   70   78   24   57   70   74   60  128
   38   10   46   52   60   39   79  114   38   14   15   48   50   88   51   43   64  126   92   81   60   44   49   95  109   47   59   82  102   78   65   69   58   81   62   46   67   54   83   66   45   39   71   72   63   68   51  110   59   49   52   74   81   68   71   22   15   71   78   38   91   74   51   35   52   51   63   87   34   86   99   44   12   80   60   50   61   84   62   57   69   90   93   79   57   51   76   95  100   93   67  111   85   93   47   80   71   76   26   94
   91  108   68   85   97   90   84  150   85  101  100   89   90   66   78   96   75  137  122  111   90  129   78   81   67   80   95  117  111  111  116  105   69   77   96   83   71   83   82   99   78   68   68   67   85   90  113   92  124  117   89   75   89   86  103  107  102   51   70  128   56  108  102   80   62   64  107   80   81   97   95   71  102  113   82   83   95   39   61   90   98   62   59   90  110   83   57   81   82   90   66   72   40   48  100  101   99  104  111  160
   86   93   83   98  108   87   89  146   70   86   85  104   98   79   83   81   60  122  107   96   75  119   93   96   82   93  100  112   96  120  106  110   54   62   81   94   86   98   97  110   89   83   83   82   90   95  112  106  122  132  104   60   74   91  118   92   87   66   55  113   71  115   87   65   77   79  122   95   66  112   87   76   88  103   97   96  110   54   76  103  113   47   44  105   95   98   72   91   96  105   81   87   55   63   95  110  104   99   96  145
   70   42   78   84   92   71  101  146   70   46   47   80   82  120   83   75   92  158  124  113   92   76   81  112  126   79   77  114  116  110   97   87   90   94   94   78   99   86  115   98   77   71  103  104   95  100   83  109   91   81   84  106  113  100  103   54   47   68  110   70   73  106   83   67   79   81   95   97   66   90  112   76   44  112   92   82   93   56   78   86  101  122  123   83   89   83   74   98  103   85   83  129   57   65   79  112  103  108   58  126
   48   20   56   62   70   49   89  124   48   24   25   58   60   98   61   53   74  136  102   91   70   54   59  105  119   57   69   92   94   88   75   79   68   91   72   56   77   64   93   76   55   49   81   82   73   78   61  120   69   59   62   84   91   78   81   32   25   81   88   48   95   84   61   45   62   61   73   97   44   96  108   54   22   90   70   60   71   78   72   67   79  100  103   89   67   61   86  105  110   97   77  121   79   87   57   90   81   86   36  104
   69   85   29   68   56   68   46  113   52   65   66   96   57   76   45   74   85  135  106   95   74  103   70   69   83   69   85   95  101  102  104   95   78   87   78   62   78   29   58   91   70   60   73   72   46   51   60   78   72   62   34   99  113   73   95   73   66   61  104   97   79   87   71   49   23   31   97   78   48   86   93   38   63   74   43   66   74   66   61   73   90   84   87   79   88   73   84   78   83   45   56   88   67   75   78  100   85   90   77  137
   82   77   48   78   75   83   65   94   71   81   82  115   76   86   64   87  104  136  113  102   93  100   89   74   88   83   70   85  120  121   91   80   97  106   97   81   97   48   77  110   89   79   92   91   65   70   79   60   53   43   15  110  124   92   88   89   82   80  115  105   60   79   90   68   42   50  110   59   67   83   88   57   79   93   62   80   66   64   42   87   97  103  106   76  101   92   80   75   80   26   37   93   65   68   81  103   66   71   93  156
   84  112   71  110   98   85   88  146   80   96   95   88   78   34   87   89   91  152  114  103  102  129   89  111  125  111  103   86   84  130  104   93  104  103  108   92  113   71  100  130  109   99  111  112   88   93  102  112  105   95   67  123  113   54   64  102   97  103  128  123  112  118   97   75   65   73  111   98   76  128  112   80   98   88   85  108  116  108   94  115  109  126  129  121  103  106  119  120  125   78   89  130  109  117   93  121  118  123   98  166
   97  114   91  117  113   98  108  165   89   90   89  108   98   54   80   92   71  154  134  123  111  140  109  124  135  122  123  106  104  139  124  113  115   91  110   99  115   91  120  150  129  119  131  132  108  113  111  117  125  115   87  136  133   74   84   82   91   95  138  134  124  138  108   86   85   82  131  118   85  138  130   75   92  108  105  119  136  107  114  123  129  121  124  131  106  111  125  102  107   98  109  140  108  116  106  139  138  133   78  146
  129  117  125  103  120  129  126  187  117   93   94   95  140  103  128  134  120  159  129  118  112   98  115  152  159  104  102  155  151  155  123  112   91  126  145  134  155  110  128  136  122  116  118  119  114  119  109  166  166  156  136  151  139  123  133  101   94  130  147   92   94  143  118  114  131  130  142  137  113   89  117  123   95  142  111  101  132  111  120   94  135  157  160   82  121  130  127  151  156  110  115  154  110  102  130  141  104  109  105  173
   63   58   59   24   41   62   77  108   56   34   33   66   73  106   69   67   88  143  105   94   78   92   36   75   89   25   41  100  106   76   62   51   78   90   71   55   76   48   69   57   43   37   87   88   76   76   55  107   98   97  100   72   86   93   61   26   35   72   77   86   67   82   74   53   64   56   81   60   52   65   91   62   36   76   45   22   83   50   72   15   56  108  111   58   81   54   68   92   97   60   77   94   51   59   72   68   90   85   30   98
  110  132  102   98  115  109  127   98  124  108  107   84  120  139  130  111   90  173  154  148  127  129  110  116  102   99  115  158  117  150  136  125  131   92  111  116  137   98   73  118  117  111   61   62   85   90  110  136  158  148  148  135  149  121  135  100  109   66  130  123  115  142   97  119  108  116  155  131  120  128  142  123  110  133  116   96  129   98  117   89  130  167  170  121  125  112  116  121  126  123  122  107   99  107  119  142  148  143  104  172
  109  109   77  103  108  109  125   73  112   93   92   59  117  153  105  114  115  181  143  132  134  130   96  133  121   98   90  155  116  129  111  100  125  117  118  102  114  119   98  117   96   86   36   37   60   65  122  142  133  123  123  125  139  133  121   99   94   91  130  136  106  131  121  109   83   91  140  123  108  103  131   98   95  122   91  101  137  114   92   99  116  144  147   96  128   87  113  137  142   98   97  126  115  114  110  128  123  118  103  151
   98   76   77   68   85   97   60  136   81   57   58   91  108  120   94  103  105  117  127  116  103  106   75   68   82   63   79  111  135  108  100   89   95  107  115   99  111   97   81   96   75   65   87   86   60   65   79  106   92  102   84   91   77  100  100   65   56   81   96  104   66   85  100   78   83   91  102   58   77  107   87   87   59  112   83   66   72   49   27   73   95   89   86  100  117   87   67   91   96   59   32   87   50   58  107  102   65   70   69  115
   73   45   62   79   94   74   91  126   50   26   27   60   85  100   63   78   99  138  104   93   72   78   73   91  105   74   75   94  114   93   81   85   70  107   96   80   96   69   90   93   72   63   83   84   79   84   63  112   94   84   87   60   46   91   83   34   25   81   65   73   84   57   69   47   68   63   74   76   46   98  105   56   28  103   76   77   44   67   45   75   93  102  105   91   92   63   84  108  113   77   50  110   68   76   82  105   83   88   38  106
   80  108  114  103   86   79  111  183  107   99  100  115   90  106   98   78   57  140  129  118   97  123  109  101   87  108  104  128  136  157  125  114   76   37   56   72   93   86  110  147  126  119  138  139  129  124  117  103  143  153  145  117  119   88  134  107   98   63  122  117   95  130   91  104  108  100  130  110  103  110  109   93  101  100  128  105  117   95  117  112  100  134  137  103   92  102  112   88   93  129  122   82   96  103   89  122  131  136  111  179
   75   47   75   89   97   76   92  140   74   51   52   85   87  103   85   80   73  133   95   84   97   64   86  115  129   84   86  119  131  115   92   96   95   75   94   83  104   17   46   91   82   76  100   99   92   87   48  119   96   86   80  110  118   83  108   59   52   49  105   58   79   75   84   72   69   77   85  105   71   74  101   78   49   95   72   87   62   81   87   80  106  123  126   67   94   71   84  104  109   91   89  131   82   87   84  117   93   88   63  131
   75   64   77   98   94   74  114  146   70   73   74  107   85  111   63   80   95  155  117  106   92   42  102  107  114  103   97  114  138  120  114  107   96   97   96   80   96   39   68  113  104   98  121  120   94   99   70  123  118  108  102  112  126   91  127   81   74   71  112   36   89   89   62   67   71   63  107   92   66   84   79   56   71  103   91  100   76  103  109  102  122  101  104   77   94   93  106  110  115  105  111  109  104   97   84  117  115  110   85  153
   72  100   85   58   75   73   88  141   78   94   93  123   84   84   71   77   64  115   77   66   87  112   82   37   51   60   68   94   75  104   89   78  104   66   85   80   90   94   80   99   78   72  114  114   88   91   82   82  119  109   81   92   78   64  107   89   95   70   97  106   76  103   85   75   79   71  116   22   74   37    9   64   96   76   83   60   90   61   51   67  102   31   34   66   91   69   43   67   72   73   46   56   60   68   81   94   57   62   93  143
   51   79   76   37   54   52   67  129   63   79   78  102   63   63   61   56   70  124   98   87   85   96   61   16   30   39   55  101   83   90   76   65   87   72   75   59   69   87   59   78   57   51  101  101   75   70   68   61   99  101   73   86   99   43   86   77   80   72   91   90   55   88   64   60   71   63   95    1   59   58   30   56   81   55   62   39   75   40   30   46   81   52   55   87   70   48   22   46   51   52   25   35   39   47   60   91   54   59   81  149
   88   60   77   89  106   89   81  121   65   41   42   75  100  115   78   93   75  132   94   83   87   67   82   80   94   84   87  109  129  108   93   97   85   77   96   95  111   42   63   70   82   72   98   98   94   99   73  101  109   99   91   93   79  106   98   49   40   66   98   73   73   46   84   62   83   78   63   65   61   99   94   71   43  118   91   87   33   56   34   90  102  116  119   92  107   78   74   98  103   66   39   99   57   65   97  109   72   77   53  121
   82   77   71   76   93   83   88  130   70   59   58   91   94   99   87   77   61  103   65   54   75   84   69   96  110   71   81  117  101  102   87   91   88   63   82   90  109   13   34   79   69   59   70   69   88   83   44  107  114  104   76   98  108   79   94   65   60   37  100   88   75   63   95   75   65   73   81   81   74   70   98   80   61   91   68   74   50   69   63   68   89  126  129   63   91   67   72   92   97   86   59  115   70   78   90  101   88   84   69  137
   73   68   62   68   85   74   79  121   61   68   67  100   85   90   78   68   52  112   74   63   84   75   78  100  114   69   72  113  110  111   78   82   79   54   73   81  100    4   25   70   78   68   79   78   79   74   35   98  105   95   67   96  110   70  103   64   69   28   91   79   66   54   86   66   56   64   72   85   65   61   89   71   70   82   59   66   41   60   66   59   98  117  120   54   82   58   63   83   88   78   68  119   61   69   81  110   80   75   68  136
   70   71   65   71   88   71   82  118   64   71   70  103   82   93   81   65   49  115   77   66   86   72   81   97  111   72   69  116  113  114   75   79   82   51   70   78   99    7   22   67   81   71   82   81   81   76   38   95  108   98   70   93  107   73  106   67   72   25   88   78   69   51   83   69   59   67   75   82   68   64   92   74   73   85   62   69   38   57   69   62  101  120  123   57   79   61   60   80   85   81   71  116   58   66   79  112   83   78   71  139
   69   97   73   39   56   70   82  133   66   80   80  113   81  105   57   74   77  122   84   73   88  114   66   81   88   44   31  110  124   95   52   41   78   79   79   70   91   65   83   83   62   56  106  107   90   91   64   93   92   82   54   81   95   85   91   73   81   70   76  108   21   72   82   63   67   59  104   66   62   44   72   52   78   95   64   41   85   38   45   48   86   98  101   37   76   69   54   78   83   13   40   83   37   29   68   92   55   60   77  145
   82   97   84   78   95   83   62  138   77   78   79  112   87  101   68   87  100  119  111  100   99  104   73   57   71   75   81   95  124  106  102   91   82  102  103   87  103   84   65   94   73   63  113  114  100   95   63   70   94   95   67  102  116   84   98   86   77   76  107  110   64   83   95   74   78   70  100   42   73   94   71   63   80   96   98   78   70   47   25   85   93   93   96   87  101   89   63   85   90   47   20   76   48   56   91   86   49   54   90  158
   37   65   68   58   57   36   70  116   75   64   63   86   47   84   74   42   56  127  113  102   97   80   73   37   51   60   76   85  104  111   97   86   79   76   59   43   48   68   80   99   78   69   81   80   54   49   68   40   95  105   89   74   88   64   98   56   65   51   79   74   34   88   48   70   62   64   85   22   71   75   51   67   66   76   82   60   75   19   41   66   93   73   76   68   56   27    1   25   30   68   46   56   18   26   46   79   69   64   60  128
   58   78   54   52   57   58   60  130   66   54   55   88   69   93   57   63   53   96   58   47   68  102   69   92   88   47   31  107  100   98   52   41   52   55   74   65   86   39   57   86   65   59   94   93   71   76   38   95   96   86   80   81   95   73   94   62   55   59   76   96   23   72   70   63   60   59  100   77   62   18   46   52   56   71   40   50   84   40   62   57   89   86   89   11   50   61   56   80   85   39   60   83   39   31   59   92   65   70   66  134
   71   87   60   39   56   70   73  124   53   67   67  100   72   92   44   76   66  109   71   60   75  104   56   84   75   34   18   97  113   85   39   28   65   68   66   63   79   52   70   73   52   46   96   97   77   82   51  106   98   88   67   68   82   72   81   60   68   72   63   98   34   59   72   50   54   46  113   69   49   31   59   39   65   84   53   37   72   51   52   44   76   85   88   24   63   74   67   91   96   26   47   70   50   42   72   88   68   73   64  132
   92   64   87   63   80   93  100  118   80   68   69  102   99  119   71   97   93  136   98   87  102   85   75  111  102   61   45  113  100  112   66   55   92   95   93   90  106   79   97   96   79   73   81   82  104  109   77  123  113  103   78   95  109   99  100   65   69   99   90   91   61   86   99   77   81   73  117   96   76   58   86   66   66  111   80   61   99   78   79   54   95  106  109   51   90   93   94  118  123   53   74   97   77   69   99  107   95  100   69  137
   65   77   54   75   71   64   89  123   47   53   52   85   66   86   26   70   85  138  100   89   69   84   79   82   96   80   78   42   83   79   84   88   73   87   73   57   73   88  106  119   98   89   98   97   71   76   87  100  124  116  105  102  116   66  104   59   54   91   97   90   96   37   66   44   48   40  100   88   43   91   86   33   55   78   68   77   50   85   76   84   99   79   82   84   84   70   96   87   92   96   71  101   86   94   74   75   38   33   63  131
   89  110   66   83   95   88   82  148   83   99   98   87   88   64   76   94   73  139  124  113   92  127   76   79   65   78   94  115  113  109  115  104   71   75   94   81   69   81   80   97   76   66   66   65   83   88  111   90  122  115   87   77   91   84  101  105  100   49   72  126   54  106  100   80   60   62  105   78   79   95   93   69  100  111   80   81   93   37   59   88   96   64   61   88  108   81   55   79   80   88   64   70   38   46   98   99   97  102  109  162
   62   88   39   57   68   61   55  122   56   72   71   97   61   91   49   67   46  118  103   92   71  100   50   66   80   52   68   88  102   83   89   78   50   48   67   54   66   54   69   71   50   40   83   82   56   61   84   63   95   88   60   79   93   77   75   78   73   22   84   99   27   79   73   53   33   35   78   51   52   68   66   42   73   84   53   55   66   10   32   62   70   88   88   61   81   54   28   52   57   61   37   85   11   19   71   82   70   75   82  147
   63   87   38   56   69   62   54  121   57   73   72   98   62   92   50   68   47  117  102   91   70  101   49   67   81   51   67   89  103   82   88   77   49   49   68   55   67   55   70   70   49   39   82   81   55   60   85   64   96   89   61   78   92   78   74   79   74   23   83  100   28   80   74   54   32   36   79   52   53   69   65   43   72   83   52   54   67   11   33   61   69   89   89   62   82   55   29   53   58   62   38   86   12   20   72   81   71   76   83  146
   75   83   60   42   59   74   32  108   61   63   64   97   84  109   72   80   69   95   80   69   48  110   59   88  102   37   53  103   87   88   74   63   27   66   85   73   89   77   77   76   55   49   99  100   77   82   91   72   82   92   83   84   98  100   84   71   64   45   89  104   50   94   78   56   54   58  101   73   57   91   87   65   61   94   63   40   89   33   55   47   79  111  111   84   94   77   51   75   80   84   60  107   34   42   84   91   82   87   75  143
   32   60   48   58   54   33   75   79   69   47   46   79   44   82   71   37   58  132   94   83   91   77   68   74   88   58   69   82  116  109   75   79   87   75   56   40   61   44   50   95   76   70   58   57   31   26   31   75  111  110  100   71   85   62   88   39   48   76   76   71   69   84   45   66   54   62   74   59   65   69   80   64   49   74   62   56   89   54   70   49   88   85   82   62   51   10   36   60   65   88   65   93   53   61   33   66   32   27   43  111
   25   53   41   51   47   26   68   86   62   40   39   72   37   75   64   30   51  134  101   90   84   70   61   67   81   51   67   75  109  102   82   77   84   68   49   33   54   51   57   90   69   63   51   50   24   19   38   68  104  103   93   64   78   55   81   32   41   75   69   64   62   91   38   59   47   55   67   52   58   76   81   57   42   67   55   49   92   47   69   42   81   92   89   69   44    3   29   53   58   81   72   86   46   54   26   59   39   34   36  104
   81  109   97   99   84   82  107  142  113   92   93  126   93   91  104   86   80  143  105   94  115  126  116  120  134   94   78   94   53  124   99   88   99   82  101   89  110   86  104  133  112  106  107  106   80   75   85  122  141  133  125  109  123  111  125   88   93   86  104  120   50  119   94  110  103  106  123  106  109   65   93   99   94  118   87   97  123   67   89   98  110   96   93   58   97   59   83  107  112   84   94  130   66   58   82  115   95   90   92  160
   83   93   78   87  103   82   86  146   70   82   81  109   71   44   83   88  109  122  107   96   75  119   83   73   87   88  104   47    6   77  117  114   54   93  105   89  110  108  129  124  103   93   86   85   95  100  103  110  142  145  117  120  123   64  102   74   83  117  125  113   97  126   87   65   72   80  104   88   66   88   60   76   84   98   92   85  126  114  119   92   63  100  103  105  102  103  111  125  130  131  114   92  113  105   92  115  106  111   78  146
   56   79   84   93   76   55   65  134   58   55   54   87   44   58   71   61   82  118   80   69   80   99   90   79   93   98  104   52   33  104  110  114   81   97   78   62   83  107  113  130  110  100  110  111  101   98   76   83  115  118   90   93  107   78   96   47   56  106   98   93  102  112   67   53   78   70   77   64   54   61   33   64   57   98   98   95   99   93   93   88   90   73   76   90   75   76   85   98  103  112   88   98   94  102   65   98   79   84   51  119
   27   55   55   64   47   26   68  105   29   45   44   76   15   29   42   32   53   89   51   40   51   70   61   86  100   69   85   23   62   79  100   95   53   68   49   33   54   86  109  102   81   71   99   98   72   71   80   54   99   89   61   64   78   49   82   51   46   77   69   64   88   83   38   24   49   41   48   79   25   69   62   35   47   69   69   66   70   75   91   73   81   81   84   85   46   49   63   69   74   83   86  105   76   84   36   69   82   86   55  123
   55   83   62   83   74   54   64  112   55   71   70  103   43   57   48   60   72  117   79   68   77   76   79   87  101   88   96   51   90  105  102  106   81   85   77   61   81   81  102  108   87   77   83   82   56   51   97   26   71   61   33   92  106   76   54   77   72   59   97   82   64   55   66   52   56   48   76   80   51   95   67   41   73   88   76   85   42   47   69   92   73   87   90   98   74   73   65   41   46   60   64  106   48   56   64   97   93   98   81  147
   61   89   46   56   39   60   29  105   69   82   83   96   71   92   62   66   87  118  114  103   85  104   53   52   66   55   71   86  109   86   92   81   64   88   69   53   74   46   75   74   53   43   79   80   63   68   77   61   89   79   51   82   96   90   78   90   83   78   87   98   67   90   72   66   40   48  111   67   65   82   98   55   80   91   60   58   77   82   76   65   73  101  104   64   80   83   90   76   81   62   71   71   81   75   70   83  102  107   94  135
   83   90   86   95  105   84   86  143   67   83   82  107   95   76   80   78   57  119  104   93   72  116   96   99   85   90   97  109   93  117  103  107   51   59   78   91   89   95  100  107   86   86   86   85   87   92  109  103  119  129  107   57   71   88  121   89   84   63   52  110   74  112   84   62   80   80  125   97   63  110   84   73   85  100  100   93  113   57   76  100  116   44   41  103   92  101   75   88   93  108   81   90   58   66   92  107  101   96   93  142
   35   63   66   74   57   36   78  135   59   72   73   86   47   58   50   30    9   92  102   91   71   80   61   77   91   79   75   85  108  109   96   85   50   11   30   43   64   47   62  102   81   71  109  109   83   79   78   55  110  120   97   74   88   40   86   80   71   15   79   74   47   91   48   56   60   52   85   62   55   62   61   45   74   52   80   76   78   47   69   83   81   86   89   55   44   57   64   40   45   81   74   96   48   55   44   77   90   94   84  152
   48   76   64   62   47   49   70  140   76   64   65   98   60   92   67   53   43  106   68   57   78   93   79   84   98   57   41   98   90  108   62   51   62   45   64   56   77   49   67   96   75   69   87   88   81   84   48   85  104   96   88   87  101   74   88   72   65   49   86   87   13   82   61   73   70   69   90   69   72   28   56   62   66   81   50   60   86   30   52   67   99   96   99   21   60   62   46   70   75   47   57   93   29   21   49   82   75   80   76  143
    4   32   56   43   26    5   47  107   44   55   54   55   16   54   43    9   30  113   82   71   66   49   40   71   85   48   64   54   93   93   85   74   68   47   28   12   33   72   78   81   60   50   72   71   45   40   59   76   83   91   72   43   57   34   65   47   56   54   48   43   57   82   17   39   50   42   46   56   40   72   85   36   54   46   68   45   83   60   75   52   60   82   85   62   23   18   42   61   66   60   70   90   59   65    5   38   59   55   51  119
