  777.49  720.91  551.39  272.39  491.39  225.92  553.17  860.79  663.77  957.13  852.76  176.83  765.69  213.87  934.52  413.86  880.64  256.11  956.28  525.38  352.72  421.79  220.61  881.73  394.58  161.83  453.30  548.15  225.91  842.85  841.30  881.79  313.11  377.89  689.01  260.62  137.57  530.75  919.06  503.66  479.56  195.47  755.43  722.07  438.64  301.66  803.79  775.18  351.59  419.35
  729.03  497.21  745.23  199.83  580.96  732.43  674.86  760.20  766.50  343.95  910.24  276.96  345.80  480.21  442.26  695.87  551.68  200.20  326.14  750.98  631.02  430.54  877.59  955.22  632.55  569.64  407.05  737.75  942.49  415.82  267.80  827.40  201.85  119.99  985.01  138.78  890.95  206.24  551.54  955.22  140.82  898.21  267.78  578.23  187.82  280.26  980.28  423.91  173.02  676.04
  126.25  412.00  974.41  914.37  308.69  549.87  560.59  305.44  660.71  477.59  781.49  964.33  490.83  466.59  530.31  986.55  181.80  188.88  718.26  899.99  658.44  219.54  611.87  298.13  898.26  456.72  448.33  571.29  802.13  821.67  783.31  344.45  308.63  740.97  816.53  889.48  847.15  463.76  244.52  234.37  398.08  793.18  220.03  210.31  392.16  119.65  731.65  607.50  595.05  343.47
  496.40  325.53  798.39  138.41  639.95  624.91  192.18  149.50  982.76  987.77  210.48  806.75  399.29  431.99  744.68  123.41  685.19  728.86  459.70  513.14  982.51  255.45  236.13  356.61  902.85  119.80  227.31  710.17  904.22  587.40  404.04  225.52  417.97  933.30  812.74  309.01  579.78  514.43  580.12  560.64  894.36  811.64  226.34  592.21  249.04  850.96  767.57  123.11  870.54  680.85
  422.71  755.41  987.01  949.17  731.32  452.36  281.08  627.56  796.07  115.31  505.98  213.64  755.14  174.63  644.34  965.23  880.35  499.58  389.46  315.51  398.46  986.92  684.48  862.98  976.96  349.92  488.39  884.33  750.76  632.08  932.96  409.25  546.24  117.56  130.65  164.10  413.89  378.62  605.96  434.98  530.42  403.38  502.23  744.84  635.87  676.42  289.12  398.37  577.72  279.60
  171.55  606.55  547.55  327.29  859.59  940.90  749.63  404.19  172.55  378.82  879.32  903.65  102.68  470.28  908.43  597.18  388.20  266.24  664.62  236.34  529.44  901.61  826.01  991.69  583.38  840.50  107.28  567.43  803.73  620.74  752.44  287.06  772.00  519.51  224.98  636.75  455.04  115.92  758.65  961.35  457.71  643.25  103.51  870.50  635.90  390.93  540.16  638.10  357.09  366.22
  216.02  532.94  575.03  899.39  814.05  262.91  778.16  995.56  633.51  292.59  240.14  814.44  159.39  432.93  921.78  805.95  796.23  550.06  860.73  733.82  967.68  236.33  339.25  603.41  181.31  777.66  130.06  839.92  507.39  257.03  191.60  122.18  907.40  216.85  406.60  974.59  581.87  897.08  873.96  988.74  707.42  892.30  703.06  942.85  194.39  929.95  100.84  787.78  938.85  341.66
  560.19  429.49  896.60  813.81  744.63  674.09  409.71  800.78  214.27  302.62  765.91  726.64  137.21  154.83  537.71  852.68  865.64  905.64  694.54  160.78  955.71  823.41  724.71  872.74  108.21  903.51  408.24  859.52  777.65  858.59  962.94  334.48  697.93  205.90  744.64  442.43  971.48  336.73  780.24  591.25  336.40  693.35  119.37  761.64  538.93  714.31  482.42  913.19  856.77  756.53
  246.41  673.67  862.15  367.19  642.17  935.48  951.84  672.42  864.27  320.90  966.83  702.24  350.87  473.69  894.19  189.49  815.90  806.33  706.19  341.80  552.10  184.22  672.45  525.44  274.48  275.60  994.18  887.44  818.25  406.13  386.45  855.74  201.20  440.07  939.79  101.64  568.30  857.75  249.47  844.86  682.41  762.07  945.80  378.47  330.17  601.00  781.49  573.20  718.15  772.29
  838.69  957.29  633.51  658.47  328.44  322.75  980.85  280.61  407.76  966.70  825.47  842.93  623.16  830.48  890.27  486.16  794.50  141.23  130.13  410.52  674.15  460.64  971.17  154.51  762.82  769.40  124.75  168.85  549.21  859.43  814.66  281.65  170.98  923.27  639.73  461.09  969.00  234.76  296.36  578.81  840.05  940.36  870.90  856.73  724.58  987.25  328.23  264.89  310.61  273.94
  713.48  729.30  633.80  312.60  727.65  738.73  323.34  581.74  411.85  812.23  516.64  831.62  434.12  715.70  856.26  864.06  390.79  535.95  158.84  496.15  735.03  822.77  893.58  317.68  462.28  735.71  814.37  477.42  214.79  703.48  623.81  869.64  595.08  507.12  563.08  904.45  272.60  181.55  957.88  563.88  904.07  634.73  218.49  569.14  101.03  449.94  439.22  197.98  421.83  379.34
  990.32  541.71  702.69  945.49  321.64  367.71  807.26  439.57  693.63  486.34  281.56  885.52  540.52  998.63  790.68  594.71  511.86  344.02  643.73  405.96  489.93  584.52  220.23  716.77  360.55  569.69  858.16  928.22  679.58  560.04  676.77  408.53  163.28  201.17  812.05  201.25  465.44  750.37  219.06  352.01  932.07  859.34  858.09  790.05  234.15  197.66  439.96  566.43  689.28  493.60
  713.27  197.60  221.25  923.43  224.17  883.90  907.27  235.34  577.42  782.37  682.45  946.67  671.98  273.76  190.76  180.32  662.77  608.91  987.76  802.63  916.42  981.88  364.78  736.95  693.08  343.22  832.72  291.58  598.65  488.89  185.80  114.96  355.86  767.54  470.57  913.49  153.37  587.35  533.74  372.98  653.03  541.25  559.65  220.86  715.07  441.71  397.51  302.98  539.77  892.59
  697.02  124.12  202.42  532.74  508.69  333.15  376.67  771.79  527.60  195.49  492.95  270.59  568.58  190.59  989.91  135.11  177.20  412.17  183.36  688.11  651.65  322.33  427.42  737.07  127.28  352.61  186.42  858.83  738.07  798.26  627.64  730.07  367.29  811.00  465.97  656.85  999.25  733.13  711.17  158.49  930.59  516.94  307.35  106.24  587.60  774.75  579.41  373.65  290.03  853.42
  186.34  398.22  804.73  685.03  785.91  517.10  589.88  539.50  710.94  201.38  990.78  429.43  512.74  542.22  848.41  573.32  762.02  294.36  806.02  459.21  498.93  121.43  721.13  857.24  749.58  167.61  284.32  688.38  151.26  460.96  293.26  354.34  446.67  438.36  856.08  835.14  605.99  303.37  355.09  509.27  125.01  184.00  218.95  794.85  410.34  587.73  837.85  179.99  331.88  710.48
  272.94  709.09  956.42  962.71  420.14  240.94  845.12  276.56  327.59  903.02  997.49  768.16  404.97  896.19  351.36  637.22  871.93  573.75  577.88  747.26  804.02  659.12  975.13  176.40  318.10  870.31  617.86  206.49  647.15  340.50  937.08  241.02  182.35  819.75  789.78  678.77  637.06  913.11  233.60  344.81  356.93  206.79  556.18  377.93  110.65  236.99  342.37  257.54  314.38  949.02
  566.25  227.49  848.34  793.86  746.48  771.23  231.02  822.26  918.05  958.99  234.71  773.62  860.01  152.11  385.01  326.47  880.26  368.42  906.82  473.95  257.75  856.39  860.56  177.91  447.42  516.54  401.22  139.70  666.18  624.60  162.25  646.00  583.52  977.20  359.27  909.70  655.97  149.05  450.48  381.46  220.35  370.89  819.86  566.31  710.72  247.60  806.67  763.27  821.70  191.94
  845.63  748.56  883.41  563.61  255.02  712.39  894.81  915.92  990.64  111.45  925.40  371.71  917.41  213.24  389.37  490.50  428.35  925.52  782.68  175.53  523.74  357.13  733.21  578.72  998.61  202.05  915.95  128.91  677.64  132.95  601.71  156.03  501.53  151.57  844.92  414.77  256.53  103.94  725.89  411.98  515.60  968.50  222.54  657.76  807.31  722.02  703.62  643.47  292.53  530.30
  440.96  152.07  747.50  235.21  589.02  395.05  945.80  469.25  883.86  898.92  117.37  909.38  735.27  468.50  967.08  281.53  801.08  821.37  398.83  329.52  521.22  951.93  238.35  647.21  603.83  849.49  695.92  510.97  229.27  461.55  558.47  481.59  724.87  565.49  348.80  490.06  272.63  696.59  529.30  356.58  239.67  718.51  416.49  297.65  204.05  784.37  106.18  355.61  314.93  612.86
  353.26  369.66  539.42  413.81  306.78  850.20  948.03  190.31  517.05  950.34  773.16  902.79  466.52  933.70  349.41  226.00  791.94  178.59  267.41  243.67  942.19  916.42  150.19  645.93  792.68  611.35  654.42  939.59  390.74  604.35  464.72  351.32  217.53  903.16  365.83  991.50  435.95  711.93  635.34  230.82  707.32  820.52  431.82  832.54  904.62  372.07  721.26  759.75  721.61  944.57
  630.12  584.31  739.69  896.60  240.26  271.84  964.57  234.48  958.21  494.77  430.97  629.07  486.41  345.09  159.42  235.05  159.82  721.82  102.38  712.08  937.05  137.03  523.89  349.09  204.89  905.08  548.74  743.14  335.65  349.39  260.02  456.10  931.09  806.67  563.18  556.41  976.23  646.51  315.33  433.77  505.04  860.15  388.45  635.90  680.86  277.70  623.57  924.10  365.48  328.33
  336.19  613.76  650.42  695.72  256.67  729.78  942.28  776.33  969.56  241.84  455.54  797.71  633.70  479.08  671.64  722.07  565.73  165.08  624.05  309.14  281.65  777.27  146.92  745.95  241.81  118.51  722.04  863.15  118.85  525.80  909.87  460.59  626.66  617.66  808.30  752.12  876.56  153.56  197.34  238.18  194.01  107.90  250.27  444.56  281.25  523.19  216.94  639.16  201.00  627.12
  257.61  123.96  683.15  500.29  570.75  286.71  375.18  178.48  726.07  552.65  474.26  561.46  916.28  319.96  109.56  537.73  885.84  904.85  872.62  232.93  232.50  565.02  902.75  538.05  423.77  268.01  787.17  807.07  370.82  676.98  443.29  474.91  661.35  510.63  748.98  475.80  777.67  453.76  406.29  949.86  536.59  292.47  221.81  129.01  243.73  920.93  884.63  423.95  321.10  520.88
  780.86  607.54  786.97  712.97  148.54  511.30  553.28  784.51  426.70  405.76  476.08  196.53  278.04  853.67  227.72  421.80  669.70  998.52  340.42  287.23  834.08  619.22  925.32  204.60  428.57  177.59  841.72  835.18  717.85  915.05  823.94  327.07  422.52  870.63  403.32  768.51  708.75  982.28  581.43  945.01  173.28  186.84  257.91  784.52  541.55  442.28  170.12  733.53  273.39  871.10
  880.07  639.64  204.84  859.33  127.84  756.26  172.04  457.87  900.21  176.09  623.33  250.95  111.08  372.13  481.86  983.90  613.03  163.94  143.22  632.27  180.45  374.06  433.42  926.74  914.22  952.83  706.00  363.76  195.22  279.36  783.59  950.95  621.65  264.28  169.61  840.22  442.14  943.93  832.02  617.91  180.19  313.48  843.98  169.45  495.80  781.09  185.67  390.28  355.97  595.83
  594.51  582.43  223.17  249.73  523.21  982.16  717.85  607.19  109.07  932.98  141.50  950.58  620.34  667.57  924.15  895.45  159.04  792.26  165.56  760.53  838.96  256.57  324.20  373.06  142.28  681.87  152.59  587.41  260.86  608.38  184.77  292.30  899.60  715.53  271.82  272.66  978.63  494.72  553.83  911.67  402.72  138.29  574.71  804.63  985.01  390.82  399.04  170.62  629.12  980.00
  484.38  438.04  787.44  121.02  109.36  599.00  868.73  559.30  538.66  778.33  264.80  710.62  187.77  592.02  632.09  445.45  571.99  279.42  974.58  127.64  671.83  152.40  457.04  725.00  980.71  891.79  572.96  496.21  838.48  823.80  802.80  939.01  259.88  100.99  368.18  940.91  855.31  241.92  932.27  820.92  423.80  276.34  176.84  315.13  803.85  123.20  329.86  205.06  418.19  312.92
  360.33  579.25  948.72  112.70  917.17  488.55  175.32  794.33  794.10  885.60  570.44  509.22  129.19  509.03  219.84  923.76  823.73  569.67  799.25  637.61  338.89  321.05  365.17  852.89  779.38  602.05  897.72  975.39  318.85  376.13  587.62  193.60  150.05  938.57  713.21  615.11  387.65  793.21  247.53  107.31  186.47  522.25  533.21  424.83  671.01  255.37  682.57  808.41  471.18  279.34
  204.25  630.16  517.03  915.87  221.44  867.40  611.65  466.01  790.01  690.84  765.32  189.52  663.30  207.28  628.58  102.95  221.80  657.36  602.18  119.52  757.41  951.68  108.14  632.96  120.55  667.33  916.81  713.17  590.45  201.40  510.88  192.09  410.26  820.81  437.51  517.14  120.26  917.15  618.72  583.60  409.64  622.27  653.99  552.92  654.58  917.70  435.36  320.12  481.60  132.68
  434.74  503.28  731.14  839.53  185.90  410.88  803.77  274.64  569.23  245.90  326.14  996.21  481.99  775.81  368.58  199.07  658.10  629.68  576.85  207.57  532.80  935.62  482.69  946.45  986.81  328.54  987.16  637.29  355.48  300.41  962.13  840.24  933.20  226.91  760.50  775.95  123.57  329.85  675.15  762.65  808.52  618.41  917.57  289.15  984.85  632.57  300.73  694.94  856.08  595.93
  544.36  967.29  206.27  784.20  262.02  831.37  417.75  289.65  572.90  763.84  349.89  115.68  717.69  666.19  893.02  901.33  479.45  154.88  509.10  520.04  677.08  700.15  443.07  447.04  684.73  144.91  588.88  811.61  626.19  744.55  144.44  734.82  717.27  722.81  536.20  865.95  382.31  794.41  603.78  906.02  939.43  603.76  655.61  465.88  953.07  689.47  589.26  343.12  693.81  808.70
  972.79  226.57  420.43  155.30  254.46  841.94  303.81  579.03  740.58  662.00  241.85  249.41  447.48  478.41  908.18  814.47  869.18  727.98  684.50  669.48  616.59  898.83  204.50  164.50  114.83  180.02  778.69  822.41  476.18  713.63  599.18  800.67  601.61  836.44  315.50  484.52  632.93  717.95  174.05  482.91  567.83  706.36  196.82  927.37  384.36  187.70  944.25  347.22  571.21  259.84
  157.40  970.66  592.49  969.63  708.83  936.59  983.76  173.72  485.22  102.69  270.36  706.64  376.57  625.78  543.07  212.12  278.40  207.84  410.60  484.58  384.29  784.31  679.94  180.04  796.48  247.54  309.77  312.30  923.38  877.82  109.90  141.72  902.12  936.11  579.50  552.49  721.77  901.39  534.86  945.67  941.86  717.38  924.55  154.57  784.06  394.14  430.19  903.29  940.15  417.83
  739.08  893.38  577.40  737.50  557.38  997.65  347.28  983.22  921.92  344.51  867.28  506.71  615.36  955.82  731.83  249.72  850.54  893.77  429.17  245.79  283.82  274.89  348.22  286.40  483.59  116.99  105.61  839.66  791.16  895.91  999.16  492.69  204.79  993.57  295.34  625.38  709.62  126.37  798.44  344.74  462.18  917.36  344.57  715.57  514.31  230.37  734.26  534.08  386.31  195.30
  965.35  433.42  303.74  212.96  678.80  337.04  392.67  571.13  902.38  415.52  852.14  947.48  247.36  721.93  784.21  606.45  749.25  549.26  299.07  739.04  575.16  673.70  216.01  677.69  197.50  108.74  171.79  691.68  552.64  521.87  755.90  809.49  341.38  560.56  589.30  339.19  191.71  537.83  440.31  442.95  899.77  519.55  414.89  960.27  996.22  877.73  939.60  539.60  749.22  484.34
  800.31  400.55  698.93  881.47  491.83  869.69  312.92  249.32  545.13  394.36  565.33  699.54  812.16  401.38  901.72  634.54  367.44  989.34  744.38  482.63  322.78  654.06  772.98  940.12  213.70  851.07  987.31  625.26  600.89  205.75  400.13  863.74  360.44  622.83  314.20  977.25  284.92  692.61  612.92  668.01  756.06  718.36  907.09  513.39  362.64  995.64  829.37  545.09  383.54  281.25
  688.98  474.33  830.19  157.74  251.54  717.65  369.69  675.58  824.97  368.79  162.17  568.18  750.17  519.63  946.75  567.90  574.00  292.23  936.64  638.31  228.18  628.42  900.96  358.48  192.13  612.90  236.42  744.47  866.49  735.52  768.47  707.77  278.75  375.06  996.17  755.34  382.52  296.15  418.76  760.93  351.01  774.95  579.69  980.00  545.38  290.11  310.37  267.17  941.54  574.43
  858.22  948.66  918.03  964.57  600.93  299.73  170.78  540.58  593.96  353.02  123.59  305.10  119.83  857.34  881.04  387.64  603.11  302.48  981.54  924.15  608.32  326.47  329.72  371.81  777.85  554.45  489.78  548.97  538.42  954.74  554.65  738.87  485.41  553.13  859.75  349.82  956.78  215.18  270.17  427.67  639.11  678.64  927.49  476.75  888.91  569.57  567.08  846.91  284.87  216.00
  361.97  834.13  893.56  908.85  154.74  320.94  955.40  694.79  933.35  853.78  996.52  257.14  779.91  495.39  822.16  966.11  434.66  310.34  881.89  477.89  518.75  967.09  519.45  795.26  683.26  342.62  914.09  376.74  604.49  516.50  826.04  402.47  386.30  335.48  164.78  434.71  944.74  643.30  143.76  935.89  144.71  644.65  784.39  466.80  480.78  748.85  619.44  595.93  811.34  993.27
  947.18  405.97  526.73  779.60  819.42  129.44  235.12  471.02  898.42  788.21  391.22  409.77  961.25  472.72  251.80  685.92  756.57  111.62  258.84  723.11  960.96  496.71  885.73  751.61  875.62  903.06  818.86  496.85  305.57  208.90  537.67  860.04  275.88  314.38  899.91  456.61  319.90  821.63  529.10  634.37  145.25  901.98  102.31  423.98  515.08  278.74  276.59  701.22  689.31  347.71
  964.79  370.17  908.96  346.93  939.98  185.85  951.84  318.36  384.59  391.55  386.81  101.71  304.58  418.21  556.86  264.92  288.67  556.11  453.26  238.28  624.20  594.54  144.29  316.35  442.00  584.12  893.28  873.63  186.92  756.88  705.76  586.62  348.81  209.40  248.22  100.16  269.13  102.40  723.56  330.81  255.43  323.71  313.55  545.33  884.90  356.78  841.22  886.26  381.92  994.87
  780.36  392.34  743.99  800.92  258.26  450.29  873.16  909.92  466.34  417.90  731.58  201.66  537.51  594.17  798.56  502.34  636.12  302.57  324.99  612.07  530.47  978.35  311.80  585.30  763.25  942.33  948.63  954.72  284.87  702.06  181.81  535.89  641.76  447.83  850.97  720.84  654.75  101.48  296.94  333.25  339.01  279.81  617.29  782.52  915.26  318.53  283.15  356.68  805.12  606.46
  432.18  549.68  185.46  699.27  260.39  463.00  624.20  784.77  299.07  708.77  610.59  592.35  829.81  822.04  917.59  198.92  907.44  605.65  356.82  712.00  629.74  673.37  459.69  653.94  355.59  908.60  138.94  223.71  738.65  613.18  285.77  446.87  983.10  237.26  962.60  328.42  896.56  894.22  417.30  725.11  675.30  176.25  201.43  368.39  123.45  978.86  466.93  900.43  539.90  664.94
  421.96  844.21  308.93  559.05  809.02  974.74  296.73  711.21  286.20  162.39  446.50  925.96  338.20  750.96  802.25  490.35  853.70  732.56  778.06  835.42  957.36  663.59  359.53  261.43  108.87  571.94  560.84  987.04  601.76  259.84  109.43  199.33  710.09  235.32  321.57  680.07  464.10  850.19  862.40  944.96  396.90  408.88  322.66  800.25  981.14  843.01  868.66  401.38  974.62  590.25
  346.92  616.16  407.89  534.64  594.06  280.38  124.78  479.88  542.80  973.45  712.24  997.74  674.69  729.30  785.53  154.22  738.25  576.67  972.09  917.89  486.71  127.96  554.47  642.57  463.06  812.78  117.86  149.04  459.50  514.75  639.90  103.61  195.44  149.16  283.36  536.18  155.51  460.05  308.84  989.29  318.20  460.19  701.16  936.59  839.41  273.36  749.18  125.05  404.34  466.97
  208.87  424.58  702.30  775.15  523.70  992.49  353.16  448.18  939.26  968.74  186.82  367.68  883.22  490.02  597.97  266.88  121.07  609.96  275.56  784.33  413.10  834.96  256.83  983.15  322.76  646.79  753.10  590.33  216.63  810.26  251.07  763.44  533.43  907.69  851.91  892.78  428.62  706.12  100.23  364.60  426.87  620.50  313.41  795.65  408.05  286.70  311.06  407.04  940.29  318.93
  604.57  183.57  845.50  807.00  506.18  995.54  469.64  905.17  931.11  220.12  634.50  865.99  185.94  587.26  867.10  276.77  934.33  918.68  565.51  783.93  751.26  577.63  360.55  935.13  206.95  179.40  201.76  533.20  573.77  815.24  827.55  843.84  371.38  804.24  825.91  195.79  894.85  229.96  393.86  625.22  894.04  571.05  664.24  672.41  165.96  869.12  246.26  191.87  271.33  447.72
  198.44  111.68  304.02  321.58  613.83  437.82  628.76  296.78  220.46  654.69  699.76  224.57  845.72  925.98  389.41  495.11  584.13  723.59  475.41  613.70  736.86  684.87  804.11  871.17  157.54  954.11  376.50  770.07  122.16  392.84  769.75  941.70  984.40  929.99  510.29  257.33  651.13  896.32  602.07  975.35  880.07  140.14  728.60  653.33  207.67  410.66  595.54  187.27  717.11  803.68
  957.11  466.58  291.21  151.51  476.38  154.24  920.78  508.08  674.72  207.63  337.19  572.96  845.62  226.70  881.29  934.53  742.42  674.73  167.47  571.04  488.48  710.01  527.75  510.70  929.43  785.61  746.18  370.62  750.14  791.40  473.41  811.22  983.16  669.17  670.05  722.73  343.16  511.60  883.30  417.85  184.85  147.58  578.87  606.96  755.90  586.08  690.24  273.63  854.45  623.22
  539.01  581.24  584.76  895.84  692.15  683.45  603.02  874.35  759.77  320.28  516.25  463.96  840.25  966.29  556.99  687.10  795.15  322.23  197.76  271.81  625.05  574.74  954.29  903.02  571.07  167.45  460.58  995.21  797.09  294.03  615.35  853.28  663.06  457.24  999.77  798.65  954.61  686.17  589.82  566.46  170.35  731.56  552.45  355.55  879.54  914.84  446.47  150.05  570.62  513.16
