  841.30  860.79  438.64  394.58  632.55  881.79  955.22  985.01  530.75  881.73  827.40  345.80  419.35  137.57  919.06  138.78  497.21  503.66  201.85  676.04  260.62  313.11  729.03  200.20  910.24  351.59  580.96  453.30  803.79  442.26
  343.95  942.49  695.87  256.11  199.83  326.14  206.24  448.33  480.21  220.61  737.75  674.86  877.59  745.23  569.64  722.07  140.82  549.87  415.82  766.50  934.52  980.28  560.59  298.13  325.53  899.99  187.82  407.05  902.85  898.21
  305.44  412.00  812.74  631.02  760.20  173.02  301.66  639.95  525.38  816.53  234.37  123.11  611.87  343.47  423.91  308.69  914.37  490.83  308.63  986.55  783.31  195.47  267.78  781.49  821.67  728.86  955.22  890.95  802.13  884.33
  680.85  267.80  530.31  188.88  731.32  987.77  466.59  898.26  392.16  280.26  842.85  463.76  119.99  744.68  847.15  220.03  731.65  607.50  181.80  627.56  513.14  964.33  644.34  974.41  571.29  551.54  431.99  660.71  356.61  225.91
  119.80  579.78  126.25  982.51  149.50  793.18  904.22  894.36  806.75  117.56  115.31  255.45  398.08  344.45  658.44  192.18  740.97  767.57  718.26  750.98  452.36  496.40  119.65  122.18  710.17  281.08  889.48  164.10  236.13  798.39
  796.07  514.43  850.96  399.29  225.52  811.64  210.48  227.31  226.34  213.64  249.04  309.01  219.54  279.60  870.54  456.72  949.17  138.41  965.23  987.01  982.76  862.98  664.62  624.91  210.31  560.64  685.19  684.48  398.37  409.25
  995.56  378.62  404.04  130.65  505.98  592.21  488.39  244.52  102.68  605.96  457.71  107.28  986.92  389.46  632.08  880.35  174.63  892.30  417.97  123.41  349.92  933.30  578.23  765.91  580.12  403.38  750.76  470.28  976.96  289.12
  434.98  404.19  606.55  583.38  839.92  755.41  530.42  595.05  967.68  499.58  676.42  932.96  502.23  772.00  236.34  755.14  603.41  172.55  908.43  940.90  752.44  805.95  398.46  577.72  115.92  547.55  171.55  266.24  744.84  422.71
  327.29  749.63  635.90  459.70  546.24  840.50  455.04  633.51  224.98  903.65  432.93  636.75  620.74  899.39  292.59  921.78  366.22  529.44  181.31  540.16  870.50  859.59  971.48  803.73  597.18  287.06  532.94  236.33  262.91  778.16
  315.51  991.69  388.20  567.43  913.19  257.03  216.02  935.48  103.51  826.01  733.82  409.71  519.51  901.61  159.39  726.64  339.25  638.10  240.14  550.06  216.85  988.74  852.68  507.39  777.66  642.17  429.49  796.23  955.71  907.40
  896.60  673.67  378.82  643.25  938.85  581.87  357.09  873.96  390.93  860.73  703.06  587.40  707.42  942.85  859.52  887.44  744.64  744.63  903.51  929.95  100.84  658.47  302.62  814.44  275.60  974.59  406.60  905.64  951.84  831.62
  560.19  674.09  787.78  865.64  341.66  130.06  413.89  154.83  962.94  296.36  137.21  408.24  674.15  872.74  130.13  334.48  714.31  160.78  194.39  635.87  800.78  537.71  575.03  538.93  780.24  336.73  856.77  966.83  205.90  591.25
  813.81  724.71  214.27  823.41  473.69  879.32  777.65  987.25  862.15  350.87  939.79  697.93  386.45  806.33  246.41  191.60  573.20  119.37  184.22  367.19  336.40  945.80  693.35  864.27  201.20  101.64  525.44  815.90  330.17  378.47
  980.85  189.49  486.16  274.48  672.45  442.43  758.65  814.05  406.13  320.90  694.54  552.10  702.24  966.70  341.80  772.29  280.61  859.43  794.50  894.19  858.59  672.42  994.18  857.75  460.64  407.76  842.93  990.32  633.51  961.35
  971.17  769.40  168.85  818.25  814.66  461.09  322.75  855.74  141.23  761.64  825.47  264.89  328.44  639.73  756.53  154.51  535.95  706.19  421.83  108.21  440.07  273.94  718.15  410.52  762.82  317.68  328.23  312.60  219.06  568.30
  249.47  940.36  844.86  170.98  830.48  890.27  957.29  623.16  729.30  482.42  762.07  124.75  812.23  218.49  158.84  870.90  682.41  838.69  496.15  897.08  735.71  713.48  234.76  434.12  587.35  781.49  310.61  923.27  578.81  323.34
  462.28  560.04  856.73  845.12  379.34  601.00  715.70  738.73  856.26  623.81  703.48  489.93  411.85  581.74  595.08  367.71  928.22  507.12  727.65  702.69  814.37  390.79  840.05  957.88  563.88  864.06  541.71  594.71  439.22  735.03
  569.14  904.07  181.55  633.80  563.08  235.34  869.64  634.73  281.65  969.00  344.02  449.94  321.64  893.58  405.96  540.52  885.52  693.63  945.49  807.26  987.76  904.45  671.98  643.73  812.05  584.52  201.17  549.21  569.69  355.86
  693.08  750.37  724.58  101.03  679.58  372.98  163.28  716.77  713.27  859.34  511.86  281.56  183.36  858.09  689.28  736.95  352.01  790.68  822.77  234.15  197.98  333.15  566.43  541.25  932.07  439.57  998.63  190.76  224.17  832.72
  465.44  221.25  946.67  360.55  676.77  465.97  477.42  573.75  291.58  302.98  486.34  153.37  214.79  180.32  662.77  577.42  715.07  408.53  539.77  682.45  114.96  197.60  782.37  470.57  273.76  220.86  608.91  858.16  185.80  135.11
  962.71  883.90  201.25  533.74  364.78  981.88  397.51  730.07  439.96  343.22  790.05  767.54  488.89  127.28  516.94  493.60  190.59  653.03  802.63  322.33  916.42  923.43  158.49  598.65  220.23  376.67  270.59  441.71  559.65  412.17
  272.60  811.00  197.66  804.73  853.42  568.58  710.94  651.65  427.42  989.91  697.02  688.11  627.64  738.07  774.75  892.59  907.27  710.48  999.25  785.91  508.69  124.12  794.85  517.10  206.49  762.02  587.60  195.49  257.75  516.64
  685.03  106.24  711.17  186.34  857.24  733.13  798.26  290.03  656.85  737.07  294.36  446.67  579.41  429.43  930.59  352.61  771.79  871.93  202.42  721.13  573.32  460.96  896.19  398.22  177.20  492.95  498.93  284.32  990.78  367.29
  186.42  272.94  688.38  241.02  201.38  125.01  589.88  459.21  587.73  354.34  293.26  184.00  749.58  303.37  997.49  659.12  806.02  858.83  373.65  438.36  637.06  179.99  509.27  167.61  331.88  542.22  527.60  977.20  605.99  385.01
  357.13  206.79  404.97  956.42  532.74  276.56  709.09  355.09  327.59  240.94  835.14  870.31  848.41  176.40  678.77  771.23  856.08  326.47  637.22  236.99  307.35  516.54  344.81  747.26  975.13  318.10  789.78  539.50  925.52  410.34
  151.26  913.49  121.43  218.95  231.02  918.05  913.11  314.38  152.11  958.99  566.25  768.16  819.75  837.85  617.86  512.74  340.50  359.27  530.30  556.18  110.65  447.42  401.22  420.14  356.93  856.39  906.82  583.52  903.02  773.62
  845.63  860.01  804.02  227.49  746.48  647.15  377.93  578.72  566.31  234.71  666.18  937.08  624.60  925.40  748.56  222.54  428.35  175.53  233.60  151.57  342.37  880.26  821.70  368.42  177.91  450.48  822.26  998.61  949.02  257.54
  351.36  523.74  204.05  247.60  490.50  577.88  655.97  521.22  848.34  370.89  111.45  710.72  793.86  162.25  819.86  807.31  103.94  414.77  220.35  132.95  353.26  915.95  646.00  191.94  763.27  381.46  860.56  149.05  725.89  139.70
  128.91  267.41  255.02  239.67  202.05  657.76  782.68  898.92  990.64  677.64  806.67  643.47  784.37  349.41  389.37  883.86  256.53  411.98  371.71  213.24  156.03  440.96  915.92  733.21  821.37  395.05  695.92  235.21  297.65  473.95
  894.81  601.71  909.70  558.47  712.39  510.97  883.41  515.60  329.52  747.50  945.80  152.07  951.93  355.61  703.62  849.49  722.02  292.53  182.35  481.59  356.58  724.87  106.18  117.37  461.55  469.25  490.06  948.03  565.49  647.21
