  260.62  955.22  200.20  902.85  560.59  419.35  676.04  394.58  301.66  881.79
  525.38  729.03  503.66  842.85  841.30  325.53  611.87  632.55  187.82  442.26
  737.75  877.59  964.33  745.23  631.02  942.49  256.11  415.82  497.21  199.83
  126.25  890.95  580.96  225.91  803.79  453.30  343.95  326.14  298.13  201.85
  119.99  308.63  793.18  722.07  980.28  934.52  781.49  578.23  569.64  766.50
  881.73  480.21  313.11  173.02  760.20  280.26  463.76  140.82  827.40  680.85
  695.87  220.61  267.80  448.33  718.26  188.88  816.53  914.37  123.11  812.74
  660.71  137.57  627.56  750.98  234.37  728.86  783.31  423.91  899.99  986.55
  551.54  267.78  731.65  884.33  305.44  639.95  219.54  530.31  910.24  644.34
  740.97  624.91  821.67  898.26  244.52  456.72  744.68  344.45  955.22  206.24
