  961.13  254.81  650.50  136.95  434.28  843.48  150.04  394.75  132.83  813.68
  454.39  943.34  169.32  633.96  165.36  456.72  614.52  514.40  970.88  220.74
  313.08  307.83  867.65  669.77  499.80  799.97  201.73  277.39  115.19  509.27
  852.76  824.29  284.83  663.77  777.49  413.86  310.38  522.63  782.16  957.13
  542.75  732.43  116.97  176.83  789.75  272.39  551.39  336.03  945.12  352.72
  377.89  996.09  959.69  491.39  189.69  276.96  689.01  551.68  421.79  477.59
  530.75  479.56  345.80  956.28  765.69  735.47  225.92  212.18  985.01  755.43
  260.62  695.93  836.38  720.91  525.38  195.47  453.30  652.38  739.07  137.57
  952.99  256.11  503.66  775.18  161.83  880.64  473.55  934.52  458.96  419.35
  860.79  881.79  760.20  881.73  827.40  213.87  841.30  394.58  681.17  351.59
