  123.11  569.64  326.14  980.28  415.82  631.02  325.53  140.82  308.63  750.98  201.85  407.05  480.21  126.25  267.80  448.33  343.95  816.53  695.87  910.24  580.96  674.86  877.59  766.50  578.23  308.69  173.02  119.99  423.91  955.22  745.23  964.33  731.65  744.68  658.44  199.83  783.31  549.87  187.82  802.13
  898.26  639.95  986.55  298.13  914.37  731.32  660.71  530.31  219.54  899.99  987.77  884.33  343.47  280.26  781.49  821.67  305.44  117.56  188.88  466.59  412.00  728.86  644.34  392.16  551.54  680.85  234.37  456.72  267.78  898.21  624.91  793.18  571.29  119.80  344.45  740.97  579.78  627.56  138.41  812.74
  244.52  210.31  889.48  119.65  431.99  496.40  942.49  442.26  236.13  513.14  806.75  982.51  398.08  399.29  933.30  164.10  974.41  225.52  255.45  488.39  220.03  281.08  847.15  497.21  122.18  965.23  181.80  422.71  796.07  356.61  206.24  115.31  870.54  595.05  192.18  592.21  226.34  850.96  605.96  560.64
  149.50  798.39  514.43  587.40  279.60  710.17  490.83  949.17  417.97  811.64  309.01  894.36  982.76  452.36  210.48  398.46  459.70  635.87  607.50  404.04  398.37  389.46  529.44  904.22  684.48  767.57  718.26  987.01  880.35  409.25  632.08  130.65  991.69  986.92  750.76  976.96  583.38  664.62  457.71  932.96
  227.31  213.64  502.23  434.98  862.98  765.91  859.59  606.55  349.92  685.19  404.19  546.24  413.89  839.92  249.04  580.12  940.90  749.63  530.42  224.98  403.38  577.72  102.68  755.41  803.73  378.62  315.51  174.63  892.30  676.42  327.29  921.78  172.55  432.93  967.68  499.58  470.28  505.98  540.16  772.00
  903.65  366.22  287.06  107.28  603.41  171.55  913.19  814.05  805.95  262.91  236.34  378.82  620.74  388.20  752.44  638.10  995.56  908.43  899.39  726.64  123.41  181.31  758.65  103.51  390.93  532.94  636.75  643.25  935.48  567.43  901.61  236.33  240.14  860.73  879.32  159.39  907.40  852.68  455.04  547.55
  575.03  814.44  292.59  633.51  257.03  519.51  409.71  826.01  777.66  755.14  733.82  971.48  840.50  658.47  216.02  216.85  938.85  642.17  955.71  560.19  796.23  674.09  635.90  831.62  897.08  581.87  507.39  130.06  289.12  896.60  707.42  744.84  406.60  974.59  870.50  191.60  115.92  357.09  961.35  673.67
  873.96  341.66  597.18  336.40  694.54  813.81  988.74  744.64  160.78  550.06  929.95  865.64  800.78  787.78  130.13  905.64  942.85  872.74  537.71  339.25  137.21  962.94  697.93  862.15  205.90  903.51  108.21  214.27  154.83  806.33  674.15  184.22  966.83  442.43  275.60  887.44  761.64  823.41  336.73  334.48
  781.49  714.31  777.65  482.42  778.16  246.41  744.63  296.36  939.79  408.24  100.84  367.19  951.84  815.90  573.20  538.93  672.45  780.24  350.87  473.69  274.48  201.20  856.77  859.52  672.42  525.44  702.24  568.30  101.64  864.27  486.16  378.47  320.90  266.24  894.19  386.45  844.86  794.50  818.25  328.44
  980.85  858.59  814.66  855.74  421.83  429.49  168.85  119.37  601.00  724.71  189.49  552.10  772.29  693.35  406.13  280.61  341.80  966.70  330.17  904.45  407.76  840.05  639.73  302.62  859.43  857.75  830.48  971.17  729.30  460.64  987.25  249.47  994.18  940.36  945.80  535.95  706.19  322.75  264.89  312.60
  762.82  990.32  281.65  141.23  756.53  969.00  214.79  591.25  957.29  449.94  890.27  623.16  194.39  838.69  328.23  769.40  219.06  923.27  317.68  560.04  633.51  496.15  703.06  410.52  718.15  434.12  633.80  679.58  440.07  516.64  390.79  825.47  170.98  682.41  727.65  154.51  124.75  310.61  411.85  643.73
  461.09  181.55  581.74  158.84  379.34  762.07  563.88  724.58  822.77  869.64  273.94  587.35  623.81  845.12  218.49  703.48  541.71  594.71  272.60  477.42  549.21  281.56  945.49  856.73  439.22  864.06  814.37  563.08  702.69  439.57  634.73  735.03  957.88  344.02  735.71  716.77  101.03  507.12  856.26  904.07
  578.81  569.14  321.64  715.70  693.63  539.77  540.52  201.25  870.90  885.52  584.52  998.63  234.76  693.08  569.69  486.34  987.76  372.98  595.08  907.27  790.68  842.93  807.26  201.17  360.55  541.25  750.37  489.93  333.15  355.86  676.77  323.34  671.98  302.98  662.77  465.44  235.34  802.63  488.89  408.53
  738.73  197.98  736.95  790.05  197.66  291.58  511.86  183.36  928.22  713.48  234.15  470.57  832.72  352.01  689.28  439.96  566.43  220.23  180.32  946.67  858.16  981.88  932.07  185.80  221.25  220.86  412.17  893.58  713.27  343.22  577.42  715.07  627.64  367.71  493.60  883.90  190.76  114.96  812.05  197.60
  568.58  135.11  462.28  153.37  653.03  405.96  224.17  651.65  697.02  767.54  859.34  962.71  273.76  397.51  177.20  916.42  598.65  163.28  498.93  782.37  923.43  804.73  913.49  364.78  441.71  527.60  858.09  892.59  195.49  532.74  811.00  492.95  376.67  307.35  465.97  762.02  322.33  733.13  682.45  573.75
  202.42  989.91  608.91  127.28  533.74  656.85  559.65  999.25  512.74  997.49  367.29  858.83  579.41  427.42  730.07  930.59  352.61  516.94  517.10  201.38  106.24  587.60  685.03  785.91  158.49  508.69  284.32  794.85  373.65  711.17  771.79  688.11  721.13  871.93  738.07  151.26  270.59  446.67  186.42  241.02
  812.23  853.42  290.03  848.41  121.43  589.88  355.09  573.32  186.34  647.15  398.22  124.12  577.88  659.12  125.01  771.23  896.19  710.94  990.78  206.49  293.26  357.13  688.38  459.21  272.94  509.27  539.50  710.48  385.01  184.00  294.36  179.99  236.99  774.75  354.34  856.08  749.58  240.94  768.16  318.10
  737.07  542.22  870.31  410.34  257.75  903.02  637.06  404.97  401.22  637.22  530.30  420.14  925.52  429.43  326.47  857.24  276.56  331.88  975.13  438.36  605.99  167.61  344.81  377.93  977.20  231.02  678.77  516.54  837.85  617.86  798.26  806.02  587.73  340.50  819.75  447.42  789.78  314.38  327.59  746.48
  247.60  182.35  359.27  949.02  190.59  709.09  206.79  848.34  356.93  906.82  793.86  473.95  460.96  583.52  918.05  233.60  162.25  227.49  773.62  956.42  925.40  860.01  566.25  835.14  204.05  856.39  139.70  303.37  342.37  257.54  845.63  177.91  566.31  666.18  556.18  646.00  176.40  563.61  151.57  909.70
  710.72  880.26  368.42  234.71  990.64  152.11  353.26  111.45  218.95  819.86  624.60  958.99  370.89  677.64  381.46  351.36  428.35  937.08  821.70  389.37  712.39  149.05  807.31  915.95  722.02  110.65  152.07  898.92  523.74  804.02  481.59  860.56  998.61  915.92  103.94  117.37  883.86  782.68  822.26  213.24
  490.50  733.21  643.47  220.35  440.96  175.53  450.48  784.37  821.37  267.41  806.67  501.53  913.11  202.05  521.22  968.50  763.27  222.54  435.95  883.41  128.91  371.71  255.02  395.05  414.77  297.65  655.97  156.03  469.25  239.67  703.62  235.21  558.47  132.95  801.08  277.70  747.26  909.38  747.50  967.08
  243.67  292.53  281.53  565.49  647.21  603.83  578.72  106.18  256.53  466.52  356.58  589.02  431.82  468.50  229.27  902.79  388.45  398.83  950.34  355.61  190.31  695.92  645.93  696.59  759.75  735.27  411.98  792.68  329.52  191.94  272.63  724.87  964.57  351.32  314.93  510.97  515.60  712.08  226.00  948.03
  612.86  917.41  945.80  539.42  725.89  306.78  178.59  349.41  517.05  369.66  348.80  430.97  416.49  345.09  365.83  721.61  904.62  529.30  433.77  916.42  349.09  217.53  654.42  556.41  238.35  523.89  942.19  150.19  849.49  748.56  933.70  137.03  635.90  939.59  159.42  905.08  235.05  584.31  461.55  601.71
  315.33  773.16  931.09  721.26  611.35  991.50  657.76  372.07  903.16  832.54  739.69  240.26  820.52  844.92  486.41  464.72  271.84  635.34  876.56  951.93  711.93  850.20  958.21  505.04  630.12  328.33  390.74  718.51  924.10  227.72  102.38  604.35  937.05  256.67  490.06  623.57  194.01  791.94  413.81  456.10
  494.77  721.82  945.01  204.89  942.28  349.39  624.05  909.87  234.48  806.67  548.74  230.82  268.01  238.18  949.86  752.12  629.07  680.86  894.81  281.65  159.82  646.51  241.84  695.72  722.04  365.48  896.60  613.76  776.33  260.02  148.54  707.32  455.54  729.78  565.73  969.56  777.27  118.51  745.95  500.29
  797.71  726.07  109.56  617.66  536.59  118.85  863.15  860.15  153.56  146.92  216.94  722.07  197.34  976.23  944.57  286.71  287.23  904.85  633.70  444.56  561.46  241.81  626.66  639.16  201.00  257.61  123.96  552.65  683.15  178.48  479.08  460.59  627.12  474.91  537.73  525.80  221.81  281.25  243.73  232.50
  841.72  671.64  786.97  807.07  570.75  278.04  273.39  232.93  661.35  375.18  319.96  563.18  423.77  336.19  340.42  321.10  784.51  520.88  523.19  676.98  884.63  250.27  916.28  165.08  787.17  327.07  920.93  780.86  196.53  885.84  777.67  476.08  474.26  421.80  292.47  538.05  998.52  370.82  129.01  872.62
  442.28  443.29  925.32  170.12  708.75  309.14  453.76  426.70  784.52  853.67  902.75  107.90  510.63  481.86  511.30  619.22  748.98  650.42  565.02  823.94  756.26  581.43  743.14  808.30  835.18  983.90  405.76  335.65  607.54  924.15  915.05  428.57  669.70  406.29  127.84  834.08  186.84  173.28  632.27  176.09
  594.51  914.22  205.06  613.03  706.00  781.09  768.51  250.95  204.84  950.95  475.80  249.73  783.59  457.87  541.55  403.32  355.97  843.98  363.76  943.93  559.30  871.10  712.97  900.21  111.08  172.04  733.53  257.91  279.36  204.60  639.64  422.52  926.74  985.01  717.85  433.42  276.34  264.28  950.58  163.94
  180.45  185.67  840.22  952.83  899.60  438.04  372.13  143.22  553.28  169.61  832.02  523.21  838.96  373.06  620.34  982.16  159.04  495.80  177.59  138.29  169.45  582.43  859.33  792.26  442.14  787.44  778.33  271.82  595.83  923.76  141.50  223.17  423.95  607.19  165.56  260.86  390.28  623.33  259.88  760.53
  980.71  292.30  109.36  717.85  621.65  629.12  152.40  112.70  940.91  681.87  880.07  932.98  980.00  608.38  574.71  109.07  710.62  587.41  895.45  617.91  978.63  187.77  180.19  715.53  838.48  324.20  911.67  572.96  974.58  457.04  494.72  142.28  868.73  272.66  803.85  870.63  599.00  804.63  632.09  399.04
  121.02  390.82  100.99  615.11  939.01  402.72  418.19  152.59  264.80  189.52  538.66  256.57  368.18  553.83  445.45  175.32  802.80  667.57  592.02  279.42  671.83  241.92  517.14  571.99  318.85  793.21  129.19  891.79  315.13  820.92  533.21  509.03  329.86  982.28  127.64  948.72  313.48  123.20  917.17  725.00
  374.06  839.53  170.62  509.22  794.33  779.38  279.34  794.10  114.83  671.01  855.31  108.14  611.65  387.65  496.21  823.73  312.92  150.05  107.31  938.57  365.17  897.72  488.55  338.89  360.33  376.13  193.60  255.37  932.27  996.21  569.67  579.25  423.80  176.84  186.47  481.99  185.90  517.03  713.21  484.38
  794.41  637.61  195.22  690.84  221.80  184.77  820.81  471.18  630.16  915.87  199.07  207.28  466.01  790.01  424.83  221.44  326.14  247.53  481.60  713.17  808.41  437.51  975.39  119.52  602.18  434.74  382.31  867.40  570.44  522.25  204.25  192.09  986.81  510.88  682.57  799.25  657.36  935.62  663.30  762.65
  823.80  628.58  569.23  632.96  622.27  447.04  916.81  409.64  760.50  120.26  120.55  320.12  654.58  856.08  219.84  102.95  576.85  274.64  885.60  201.40  667.33  410.26  653.99  245.90  368.58  901.33  587.62  757.41  544.36  775.95  618.72  731.14  852.89  629.68  328.54  132.68  602.05  984.85  583.60  917.57
  435.36  144.44  355.48  289.65  775.81  987.16  763.84  207.57  803.77  410.88  226.91  482.69  590.45  784.20  675.15  520.04  917.15  967.29  321.05  917.70  115.68  503.28  717.69  951.68  893.02  618.41  300.41  349.89  532.80  831.37  123.57  300.73  666.19  262.02  658.10  933.20  626.19  579.03  420.43  206.27
  625.78  706.64  572.90  962.13  226.57  595.93  706.36  443.07  329.85  417.75  549.26  811.61  694.94  588.88  953.07  479.45  289.15  637.29  303.81  164.50  765.32  465.88  906.02  744.55  946.45  734.82  212.12  693.81  478.41  808.70  684.73  603.78  589.26  241.85  841.94  865.95  509.10  603.76  908.18  662.00
  898.83  869.18  740.58  187.70  822.41  384.36  552.92  700.15  655.61  173.72  254.46  347.22  615.36  180.02  447.48  677.08  343.12  917.36  155.30  154.88  180.04  204.50  249.41  157.40  936.11  616.59  713.63  684.50  109.90  689.47  632.93  601.61  599.18  969.63  727.98  902.12  734.26  567.83  800.67  808.52
  315.50  717.27  341.38  901.39  543.07  722.81  196.82  927.37  482.91  814.47  259.84  778.69  102.69  174.05  270.36  972.79  632.57  679.94  836.44  669.48  384.29  484.52  309.77  936.59  721.77  592.49  893.77  784.31  552.49  970.66  312.30  955.82  430.19  144.91  717.95  944.25  337.04  983.76  347.28  212.96
  939.43  945.67  923.38  784.06  903.29  993.57  579.50  274.89  877.82  484.58  989.34  893.38  737.50  410.60  691.68  850.54  141.72  394.14  924.55  717.38  195.30  983.22  126.37  941.86  245.79  708.83  557.38  116.99  249.72  921.92  902.38  417.83  895.91  230.37  105.61  344.57  506.71  571.21  492.69  154.57
