  551.39  689.01  225.92  438.64  956.28  213.87  525.38  421.79  553.17  256.11
  351.59  530.75  881.73  957.13  453.30  841.30  477.59  491.39  313.11  985.01
  720.91  352.72  137.57  195.47  860.79  225.91  722.07  919.06  200.20  463.76
  729.03  902.85  551.68  220.61  803.79  430.54  503.66  377.89  765.69  272.39
  138.78  881.79  955.22  419.35  766.50  549.87  632.55  880.64  910.24  415.82
  199.83  827.40  580.96  161.83  345.80  611.87  326.14  980.28  301.66  676.04
  260.62  394.58  755.43  325.53  781.49  732.43  560.59  745.23  680.85  407.05
  308.63  899.99  942.49  760.20  123.11  934.52  173.02  206.24  343.95  569.64
  140.82  964.33  877.59  187.82  423.91  126.25  783.31  267.80  119.99  234.37
  442.26  890.95  812.74  631.02  750.98  578.23  480.21  737.75  298.13  816.53
