  301.66  910.24  919.06  126.25  942.49  480.21  766.50  803.79  463.76  497.21  580.96  415.82  695.87  760.20  781.49  955.22  676.04  827.40  448.33  899.99  631.02  560.59  745.23  902.85  793.18  267.80  199.83  674.86  140.82  187.82
  412.00  308.63  343.95  964.33  680.85  423.91  280.26  877.59  611.87  816.53  298.13  305.44  974.41  737.75  173.02  326.14  490.83  750.98  569.64  812.74  914.37  578.23  119.99  206.24  267.78  551.54  986.55  728.86  731.65  117.56
  466.59  658.44  890.95  898.26  456.72  955.22  639.95  904.22  624.91  627.56  571.29  530.31  442.26  398.08  549.87  344.45  181.80  744.68  987.77  884.33  718.26  123.11  644.34  740.97  399.29  220.03  325.53  579.78  219.54  356.61
  201.85  821.67  802.13  783.31  798.39  982.51  119.80  236.13  685.19  308.69  188.88  192.18  164.10  607.50  244.52  731.32  119.65  982.76  115.31  933.30  980.28  459.70  889.48  847.15  881.79  767.57  660.71  210.31  210.48  587.40
  431.99  234.37  965.23  595.05  417.97  892.30  580.12  315.51  806.75  404.04  138.41  898.21  755.41  710.17  513.14  407.05  560.64  894.36  249.04  309.01  226.34  811.64  398.46  755.14  279.60  343.47  149.50  213.64  505.98  991.69
  452.36  281.08  174.63  255.45  107.28  227.31  635.87  605.96  409.25  862.98  850.96  949.17  514.43  115.92  529.44  496.40  765.91  378.62  123.41  546.24  349.92  684.48  796.07  488.39  392.16  457.71  932.96  422.71  592.21  676.42
  404.19  502.23  289.12  995.56  398.37  879.32  976.96  327.29  940.90  470.28  749.63  750.76  172.55  130.65  880.35  224.98  632.08  122.18  859.59  752.44  803.73  499.58  388.20  577.72  434.98  839.92  744.84  225.52  901.61  664.62
  530.42  908.43  840.50  567.43  635.90  413.89  597.18  606.55  603.41  633.51  181.31  772.00  287.06  921.78  236.34  826.01  266.24  389.46  366.22  583.38  507.39  432.93  620.74  758.65  262.91  257.03  390.93  532.94  778.16  547.55
  357.09  103.51  903.65  409.71  726.64  913.19  642.17  814.05  961.35  986.92  967.68  191.60  870.54  805.95  159.39  899.39  860.73  275.60  292.59  194.39  658.47  216.85  240.14  988.74  550.06  638.10  429.49  814.44  339.25  455.04
  403.38  733.82  852.68  636.75  560.19  406.60  865.64  896.60  777.66  974.59  823.41  955.71  581.87  643.25  929.95  519.51  870.50  302.62  987.01  336.40  938.85  813.81  703.06  102.68  216.02  674.09  540.16  575.03  787.78  707.42
  697.93  674.15  694.54  858.59  673.67  296.36  744.63  831.62  538.93  724.71  130.13  378.82  935.48  214.27  800.78  862.15  100.84  184.22  796.23  806.33  951.84  905.64  859.52  442.43  154.83  408.24  873.96  756.53  971.48  367.19
  205.90  130.06  780.24  856.77  714.31  966.83  939.79  672.45  872.74  815.90  386.45  119.37  777.65  781.49  945.80  568.30  137.21  573.20  320.90  744.64  108.21  201.20  693.35  482.42  171.55  761.64  987.25  341.66  903.51  591.25
  887.44  350.87  486.16  378.47  672.42  274.48  537.71  962.94  864.27  406.13  189.49  818.25  894.19  440.07  336.73  772.29  552.10  328.44  249.47  907.40  855.74  473.69  601.00  706.19  980.85  794.50  844.86  682.41  549.21  859.43
  407.76  280.61  762.07  421.83  897.08  718.15  460.64  966.70  994.18  838.69  990.32  273.94  729.30  702.24  830.48  842.93  328.23  639.73  942.85  246.41  168.85  341.80  281.65  535.95  840.05  312.60  101.64  525.44  560.04  971.17
  264.89  594.71  957.29  449.94  461.09  516.64  160.78  410.52  623.16  236.33  334.48  762.82  769.40  713.48  890.27  825.47  940.36  214.79  563.88  219.06  633.80  735.71  154.51  330.17  703.48  724.58  727.65  869.64  141.23  181.55
  870.90  323.34  234.76  643.73  317.68  715.70  738.73  581.74  158.84  462.28  578.81  928.22  434.12  218.49  893.58  679.58  322.75  864.06  507.12  496.15  693.08  379.34  857.75  969.00  856.73  945.49  987.76  170.98  595.08  702.69
  281.56  812.23  390.79  904.45  477.42  310.61  367.71  569.14  541.71  124.75  587.35  634.73  735.03  623.81  845.12  540.52  197.98  814.66  321.64  716.77  885.52  439.22  489.93  405.96  101.03  693.63  201.25  671.98  272.60  201.17
  802.63  633.51  790.68  932.07  957.88  511.86  439.57  360.55  858.16  998.63  344.02  856.26  676.77  234.15  814.37  539.77  486.34  584.52  812.05  302.98  569.69  355.86  736.95  807.26  439.96  197.60  333.15  859.34  408.53  190.76
  291.58  220.23  493.60  465.44  790.05  163.28  904.07  235.34  946.67  488.89  185.80  397.51  221.25  577.42  470.57  153.37  822.77  224.17  916.42  713.27  372.98  197.66  715.07  651.65  183.36  883.90  750.37  411.85  563.08  273.76
  782.37  180.32  135.11  608.91  541.25  662.77  689.28  653.03  516.94  352.01  682.45  527.60  202.42  364.78  730.07  832.72  923.43  412.17  441.71  343.22  177.20  533.74  559.65  376.67  322.33  566.43  997.49  858.09  190.59  771.79
  127.28  907.27  981.88  195.49  186.42  656.85  270.59  738.07  892.59  710.94  627.64  532.74  508.69  697.02  688.11  774.75  811.00  598.65  465.97  962.71  573.75  492.95  710.48  999.25  989.91  206.49  853.42  307.35  352.61  804.73
  798.26  568.58  186.34  290.03  858.83  685.03  106.24  579.41  587.60  373.65  158.49  427.42  124.12  721.13  733.13  990.78  711.17  517.10  785.91  857.24  589.88  294.36  241.02  923.27  794.85  542.22  930.59  768.16  512.74  410.34
  806.02  429.43  167.61  446.67  498.93  577.88  201.38  284.32  272.94  404.97  220.86  114.96  573.32  771.23  749.58  709.09  151.26  913.49  460.96  125.01  385.01  354.34  539.50  121.43  837.85  303.37  257.75  647.15  762.02  509.27
  184.00  293.26  218.95  637.06  240.94  678.77  355.09  206.79  835.14  331.88  871.93  767.54  977.20  459.21  179.99  318.10  344.81  793.86  587.73  848.41  182.35  804.02  688.38  420.14  659.12  327.59  233.60  956.42  398.22  870.31
  530.30  401.22  152.11  516.54  276.56  903.02  605.99  975.13  351.36  359.27  566.25  438.36  176.40  747.26  637.22  340.50  624.60  737.07  896.19  447.42  342.37  227.49  819.75  377.93  583.52  918.05  357.13  710.72  856.08  617.86
  906.82  848.34  860.01  162.25  257.54  247.60  821.70  234.71  204.05  925.52  860.56  222.54  139.70  356.93  175.53  370.89  806.67  666.18  231.02  655.97  845.63  990.64  746.48  925.40  177.91  748.56  110.65  236.99  151.57  428.35
  789.78  937.08  523.74  556.18  473.95  367.29  563.61  389.37  913.11  566.31  255.02  368.42  763.27  998.61  132.95  915.92  152.07  235.21  819.86  646.00  220.35  103.94  111.45  202.05  521.22  958.99  949.02  782.68  677.64  381.46
  894.81  712.39  578.72  822.26  643.47  117.37  725.89  353.26  722.02  156.03  481.59  917.41  898.92  128.91  349.41  856.39  450.48  880.26  909.70  501.53  733.21  784.37  945.80  657.76  239.67  371.71  435.95  807.31  440.96  747.50
  915.95  277.70  314.38  326.47  844.92  968.50  297.65  356.58  589.02  267.41  883.41  695.92  821.37  398.83  256.53  281.53  801.08  703.62  388.45  355.61  849.49  645.93  951.93  902.79  515.60  243.67  466.52  601.71  329.52  558.47
  191.94  213.24  469.25  792.68  724.87  909.38  229.27  718.51  238.35  556.41  529.30  490.50  351.32  948.03  490.06  413.81  292.53  565.49  964.57  791.94  348.80  314.93  647.21  604.35  464.72  468.50  635.34  654.42  711.93  226.00
