  126.25  343.95  910.24  611.87  415.82  549.87  580.96  745.23  760.20  902.85  206.24  326.14  480.21  497.21  766.50  407.05  201.85  308.63  877.59  881.79  793.18  803.79  955.22  301.66  955.22  578.23  448.33  695.87  827.40  173.02  187.82  298.13  783.31  812.74  267.78  325.53  123.11  631.02  980.28  676.04  890.95  119.99  718.26  898.21  188.88  305.44  490.83  569.64  442.26  423.91
  750.98  680.85  974.41  914.37  744.68  899.99  731.32  530.31  781.49  639.95  560.59  986.55  821.67  308.69  658.44  392.16  140.82  942.49  919.06  571.29  904.22  884.33  816.53  624.91  627.56  496.40  267.80  234.37  674.86  466.59  660.71  595.05  412.00  898.26  344.45  343.47  356.61  964.33  551.54  894.36  138.41  847.15  463.76  802.13  644.34  236.13  119.80  728.86  117.56  965.23
  685.19  767.57  219.54  982.76  456.72  982.51  309.01  398.08  740.97  796.07  488.39  513.14  607.50  579.78  210.31  181.80  280.26  199.83  710.17  731.65  422.71  119.65  806.75  220.03  122.18  514.43  580.12  850.96  798.39  452.36  225.52  592.21  226.34  249.04  399.29  227.31  102.68  755.41  255.45  991.69  933.30  244.52  987.01  505.98  409.25  755.14  107.28  664.62  210.48  870.54
  889.48  192.18  398.37  684.48  115.92  635.87  115.31  632.08  949.17  164.10  605.96  279.60  587.40  986.92  378.62  431.99  811.64  315.51  459.70  213.64  434.98  750.76  880.35  932.96  499.58  174.63  744.84  892.30  995.56  349.92  149.50  404.04  389.46  921.78  502.23  403.38  327.29  879.32  749.63  547.55  987.77  530.42  172.55  470.28  281.08  765.91  171.55  378.82  289.12  901.61
  606.55  457.71  908.43  266.24  862.98  236.34  940.90  577.72  123.41  676.42  529.44  772.00  603.41  546.24  409.71  404.19  967.68  976.96  803.73  583.38  638.10  413.89  620.74  432.93  292.59  287.06  961.35  181.31  903.65  635.90  262.91  597.18  899.39  643.25  870.50  567.43  840.50  398.46  633.51  519.51  224.98  913.19  971.48  532.94  814.05  758.65  636.75  390.93  974.59  507.39
  935.48  826.01  860.73  907.40  642.17  159.39  103.51  540.16  852.68  357.09  805.95  275.60  257.03  726.64  839.92  130.06  388.20  191.60  130.65  897.08  796.23  560.64  733.82  406.60  955.71  814.44  988.74  550.06  673.67  778.16  831.62  560.19  707.42  417.97  240.14  216.02  160.78  896.60  865.64  339.25  455.04  366.22  429.49  813.81  302.62  859.59  903.51  341.66  214.27  100.84
  194.39  938.85  658.47  777.66  703.06  942.85  966.83  873.96  724.71  929.95  130.13  154.83  205.90  296.36  674.09  336.40  862.15  962.94  714.31  537.71  744.63  108.21  858.59  905.64  137.21  672.45  442.43  951.84  856.77  336.73  777.65  872.74  761.64  216.85  674.15  815.90  800.78  573.20  887.44  781.49  274.48  806.33  246.41  823.41  945.80  939.79  408.24  787.78  189.49  334.48
  693.35  386.45  328.44  525.44  367.19  697.93  818.25  864.27  894.19  780.24  101.64  756.53  473.69  752.44  601.00  236.33  482.42  857.75  672.42  568.30  350.87  378.47  552.10  814.66  486.16  994.18  859.52  440.07  987.25  971.17  320.90  694.54  794.50  406.13  980.85  718.15  957.29  682.41  280.61  201.20  702.24  990.32  633.51  575.03  966.70  322.75  310.61  461.09  168.85  744.64
  591.25  762.07  549.21  341.80  842.93  407.76  838.69  312.60  264.89  844.86  317.68  214.79  859.43  639.73  538.93  890.27  706.19  729.30  170.98  328.23  940.36  330.17  923.27  158.84  449.94  273.94  141.23  119.37  772.29  154.51  218.49  812.23  249.47  594.71  535.95  234.76  713.48  124.75  735.71  219.06  434.12  184.22  578.81  679.58  840.05  410.52  727.65  643.73  969.00  830.48
  411.85  581.74  856.26  869.64  560.04  825.47  507.12  581.87  893.58  587.35  595.08  702.69  633.80  623.16  814.37  623.81  477.42  421.83  715.70  563.08  379.34  855.74  735.03  323.34  762.82  563.88  281.56  870.90  864.06  634.73  822.77  272.60  904.07  489.93  439.22  496.15  928.22  516.64  858.16  945.49  462.28  716.77  439.57  183.36  181.55  998.63  769.40  511.86  197.98  904.45
  235.34  845.12  693.63  807.26  321.64  540.52  390.79  281.65  101.03  541.71  802.63  460.64  790.68  541.25  932.07  355.86  569.14  344.02  856.73  584.52  957.88  812.05  907.27  750.37  539.77  488.89  405.96  234.15  360.55  197.60  201.25  470.57  465.44  163.28  486.34  832.72  858.09  682.45  738.73  987.76  671.98  221.25  439.96  224.17  185.80  197.66  883.90  885.52  577.42  736.95
  397.51  465.97  291.58  220.23  180.32  790.05  713.27  190.76  981.88  782.37  598.65  859.34  923.43  352.01  676.77  946.67  408.53  220.86  962.71  127.28  333.15  135.11  703.48  114.96  568.58  153.37  913.49  493.60  916.42  516.94  569.69  653.03  201.17  412.17  693.08  532.74  662.77  767.54  302.98  372.98  566.43  559.65  508.69  774.75  498.93  158.49  608.91  367.71  427.42  892.59
  270.59  273.76  710.94  190.59  322.33  804.73  689.28  124.12  202.42  853.42  627.64  307.35  762.02  352.61  533.74  794.85  730.07  715.07  656.85  771.79  999.25  651.65  398.22  441.71  343.22  106.24  460.96  711.17  710.48  871.93  573.75  997.49  367.29  186.42  688.11  733.13  587.60  364.78  241.02  724.58  721.13  446.67  257.75  539.50  512.74  492.95  697.02  429.43  811.00  858.83
  737.07  806.02  303.37  785.91  798.26  587.73  373.65  294.36  989.91  284.32  577.88  201.38  589.88  357.13  749.58  186.34  293.26  688.38  355.09  184.00  195.49  835.14  848.41  438.36  573.32  659.12  517.10  459.21  509.27  605.99  125.01  685.03  218.95  376.67  354.34  331.88  290.03  404.97  206.49  385.01  977.20  167.61  637.06  516.54  837.85  709.09  410.34  542.22  896.19  579.41
  870.31  857.24  420.14  925.52  177.20  956.42  738.07  272.94  240.94  990.78  903.02  793.86  121.43  206.79  276.56  975.13  747.26  771.23  949.02  233.60  236.99  556.18  856.08  351.36  678.77  401.22  318.10  768.16  152.11  527.60  182.35  326.47  314.38  746.48  937.08  804.02  647.15  327.59  257.54  617.86  930.59  227.49  913.11  377.93  344.81  848.34  958.99  162.25  342.37  860.56
  637.22  925.40  204.05  340.50  773.62  624.60  856.39  175.53  860.01  566.31  356.93  822.26  906.82  710.72  566.25  909.70  806.67  428.35  176.40  521.22  247.60  880.26  177.91  220.35  234.71  149.05  583.52  530.30  473.95  151.26  111.45  789.78  231.02  998.61  819.75  381.46  918.05  222.54  389.37  255.02  132.95  677.64  447.42  179.99  523.74  915.92  894.81  646.00  990.64  917.41
  481.59  807.31  763.27  368.42  655.97  643.47  782.68  490.50  202.05  370.89  733.21  845.63  139.70  722.02  821.37  725.89  239.67  712.39  748.56  213.24  435.95  151.57  440.96  414.77  277.70  359.27  128.91  501.53  450.48  395.05  191.94  256.53  883.41  353.26  747.50  349.41  821.70  411.98  844.92  267.41  297.65  110.65  152.07  695.92  784.37  945.80  578.72  819.86  398.83  909.38
  103.94  356.58  469.25  883.86  951.93  647.21  657.76  724.87  156.03  558.47  563.61  431.82  468.50  355.61  735.27  696.59  645.93  238.35  601.71  849.49  510.97  515.60  718.51  792.68  902.79  967.08  565.49  604.35  529.30  898.92  759.75  589.02  933.70  371.71  190.31  703.62  348.80  292.53  968.50  556.41  226.00  948.03  712.08  612.86  666.18  915.95  791.94  272.63  178.59  235.21
  850.20  950.34  654.42  464.72  243.67  603.83  314.93  801.08  433.77  490.06  229.27  905.08  416.49  611.35  991.50  117.37  388.45  281.53  904.62  456.10  365.83  635.34  721.61  461.55  137.03  106.18  939.59  711.93  539.42  964.57  630.12  390.74  969.56  820.52  329.52  517.05  351.32  629.07  315.33  217.53  942.19  721.26  931.09  896.60  230.82  876.56  466.52  235.05  102.38  372.07
  635.90  739.69  234.48  623.57  328.33  240.26  505.04  227.72  204.89  306.78  944.57  937.05  486.41  958.21  722.04  860.15  548.74  832.54  430.97  150.19  707.32  646.51  241.84  345.09  671.64  349.09  797.71  903.16  945.01  745.95  743.14  680.86  365.48  159.82  773.16  413.81  909.87  165.08  118.85  494.77  721.82  281.65  584.31  916.42  256.67  729.78  178.48  777.27  976.23  523.89
  238.18  194.01  624.05  924.10  479.08  806.67  563.18  369.66  570.75  500.29  776.33  565.73  286.71  613.76  626.66  807.07  561.46  109.56  650.42  336.19  752.12  949.86  340.42  153.56  942.28  146.92  281.25  523.19  633.70  197.34  118.51  525.80  475.80  309.14  335.65  872.62  349.39  123.96  107.90  885.84  474.91  627.12  904.85  722.07  148.54  257.61  201.00  243.73  748.98  250.27
  221.81  536.59  639.16  552.65  444.56  159.42  455.54  884.63  510.63  726.07  537.73  916.28  808.30  863.15  423.77  695.72  260.02  841.72  460.59  756.26  676.98  268.01  321.10  683.15  481.86  278.04  370.82  241.81  998.52  319.96  406.29  271.84  780.86  617.66  786.97  442.28  453.76  511.30  232.93  273.39  173.28  520.88  204.60  474.26  204.84  712.97  292.47  405.76  476.08  925.32
  565.02  902.75  787.17  421.80  823.94  129.01  443.29  784.52  983.90  607.54  853.67  920.93  541.55  423.95  428.57  250.95  196.53  426.70  914.22  768.51  327.07  375.18  708.75  915.05  717.85  985.01  924.15  871.10  784.51  177.59  843.98  422.52  186.84  870.63  172.04  613.03  581.43  287.23  632.27  950.95  216.94  403.32  781.09  363.76  176.09  111.08  232.50  783.59  559.30  669.70
  777.67  838.96  594.51  982.16  880.07  859.33  143.22  619.22  457.87  249.73  257.91  374.06  338.89  982.28  169.61  279.36  900.21  205.06  733.53  538.05  835.18  433.42  706.00  926.74  355.97  264.28  950.58  980.71  195.22  621.65  717.85  185.67  787.44  952.83  313.48  170.12  276.34  141.50  438.04  180.45  792.26  495.80  553.28  623.33  620.34  260.86  523.21  595.83  163.94  138.29
  165.56  271.82  553.83  223.17  372.13  180.19  109.36  442.14  292.30  895.45  159.04  152.59  667.57  943.93  373.06  184.77  109.07  259.88  324.20  256.57  152.40  189.52  940.91  832.02  390.28  639.64  661.35  187.77  980.00  617.91  923.76  592.02  494.72  582.43  572.96  681.87  823.80  834.08  272.66  760.53  127.84  587.41  457.04  715.53  169.45  629.12  838.48  170.62  264.80  868.73
  932.98  804.63  484.38  911.67  121.02  445.45  175.32  632.09  599.00  127.64  418.19  899.60  615.11  725.00  607.19  255.37  570.44  538.66  778.33  142.28  710.62  571.99  318.85  574.71  423.80  891.79  368.18  803.85  939.01  533.21  975.39  390.82  402.72  123.20  176.84  387.65  312.92  794.10  509.22  399.04  360.33  579.25  496.21  321.05  569.67  855.31  671.83  802.80  917.17  779.38
  279.34  793.21  885.60  279.42  637.61  978.63  488.55  100.99  204.25  974.58  915.87  114.83  713.21  241.92  839.53  186.47  471.18  867.40  799.25  611.65  517.14  852.89  587.62  365.17  671.01  823.73  820.92  221.44  112.70  602.18  119.52  794.41  901.33  329.86  840.22  199.07  185.90  820.81  765.32  315.13  897.72  630.16  481.99  247.53  376.13  522.25  107.31  682.57  434.74  932.27
  602.05  690.84  996.21  654.58  938.57  132.68  129.19  510.88  481.60  663.30  382.31  150.05  120.55  657.36  628.58  569.23  108.14  775.95  221.80  517.03  757.41  207.28  808.41  326.14  424.83  102.95  917.15  916.81  447.04  948.72  608.38  667.33  552.92  583.60  368.58  192.09  410.26  622.27  653.99  986.81  951.68  435.36  629.68  482.69  760.50  409.64  509.10  856.08  935.62  731.14
  509.03  658.10  503.28  207.57  245.90  466.01  520.04  987.16  962.13  775.81  762.65  144.44  632.96  803.77  120.26  274.64  219.84  618.72  967.29  355.48  917.70  618.41  675.15  544.36  713.17  590.45  576.85  320.12  437.51  329.85  410.88  933.20  625.78  694.94  289.15  840.24  289.65  603.76  420.43  893.02  790.01  917.57  349.89  115.68  154.88  784.20  417.75  579.03  744.55  984.85
  532.80  595.93  303.81  262.02  946.45  632.57  626.19  700.15  300.73  693.81  939.43  811.61  226.91  637.29  831.37  572.90  808.52  615.36  479.45  123.57  689.47  206.27  328.54  865.95  193.60  717.27  588.88  549.26  706.36  662.00  722.81  155.30  164.50  794.33  603.78  212.12  808.70  589.26  241.85  180.02  384.36  201.40  908.18  666.19  898.83  173.72  571.21  478.41  906.02  484.58
  315.50  953.07  443.07  717.69  187.70  869.18  536.20  727.98  655.61  822.41  347.22  254.46  740.58  476.18  800.67  343.12  616.59  734.82  717.95  157.40  902.12  484.52  936.11  677.08  734.26  482.91  174.05  341.38  778.69  927.37  836.44  684.73  679.94  102.69  972.79  706.64  601.61  669.48  259.84  180.04  312.30  684.50  278.40  226.57  144.91  814.47  901.39  632.93  270.36  485.22
  893.77  376.57  465.88  796.48  543.07  204.50  917.36  196.82  955.82  367.44  141.72  552.49  249.41  592.49  784.31  924.55  945.67  274.89  347.28  567.83  116.99  936.59  691.68  983.76  944.25  394.14  599.18  247.54  430.19  841.94  970.66  534.86  989.34  784.06  337.04  923.38  506.71  300.41  721.77  969.63  386.31  717.38  105.61  579.50  339.19  417.83  893.38  384.29  344.51  997.65
  154.57  903.29  902.38  286.40  850.54  940.15  320.94  195.30  410.60  249.72  737.50  739.08  303.74  534.08  731.83  721.93  462.18  447.48  204.79  283.82  230.37  708.83  245.79  999.16  492.69  207.84  798.44  126.37  557.38  212.96  344.74  867.28  713.63  415.52  791.16  692.61  442.95  839.66  709.62  552.64  514.31  895.91  939.60  433.42  539.60  483.59  965.35  577.40  299.07  348.22
  606.45  877.82  715.57  784.21  392.67  921.92  247.36  295.34  947.48  216.01  171.79  983.22  800.31  996.22  482.63  677.69  309.77  698.93  987.31  197.50  877.73  960.27  809.49  941.86  575.16  560.56  191.71  881.47  589.30  429.17  852.14  678.80  756.06  763.84  634.54  109.90  749.25  362.64  993.57  251.54  400.55  545.13  739.04  625.38  519.55  571.13  699.54  305.10  537.83  869.69
  774.95  744.38  554.45  312.92  360.44  491.83  851.07  899.77  108.74  567.90  750.17  383.54  940.12  401.38  830.19  484.34  863.74  717.65  322.78  612.92  565.33  625.26  314.20  284.92  600.89  400.13  228.18  440.31  755.90  866.49  628.42  612.90  900.96  772.98  688.98  319.90  281.25  735.52  901.72  519.63  812.16  718.36  948.66  414.89  749.22  369.69  545.09  654.06  760.93  368.79
  568.18  980.00  213.70  267.17  394.36  668.01  358.48  927.49  977.25  192.13  205.75  375.06  918.03  292.23  675.58  822.16  296.15  236.42  540.58  941.54  744.47  755.34  162.17  249.32  574.00  966.11  824.97  996.17  858.22  513.39  290.11  537.67  270.17  639.11  278.75  123.59  622.83  474.33  638.31  619.44  593.96  995.64  351.01  673.70  569.57  418.76  548.97  579.69  964.57  777.85
  521.87  310.37  946.75  434.71  554.65  608.32  779.91  538.42  353.02  881.04  907.09  157.74  382.52  707.77  936.64  768.47  485.41  427.67  981.54  489.78  495.39  302.48  329.72  516.50  779.60  349.82  859.75  955.40  857.34  603.11  119.83  924.15  956.78  914.09  257.14  933.35  310.34  215.18  326.47  567.08  258.84  853.78  694.79  371.81  678.64  600.93  361.97  996.52  553.13  893.56
  342.62  264.92  314.38  908.85  689.31  154.74  344.57  144.71  967.09  143.76  519.45  960.96  944.74  480.78  954.74  795.26  888.91  685.92  683.26  164.78  476.75  643.30  170.78  908.96  756.57  834.13  471.02  811.34  545.38  386.30  595.93  376.74  935.89  518.75  751.61  526.73  405.97  784.39  466.80  535.89  748.85  819.42  961.25  826.04  780.36  111.62  216.00  846.91  964.79  472.72
  145.25  208.90  574.43  434.66  738.87  387.64  898.42  335.48  402.47  417.90  515.08  302.57  947.18  624.20  284.87  299.73  330.81  347.71  275.88  903.06  723.11  496.71  288.67  529.10  144.29  818.86  409.77  423.98  102.31  391.22  875.62  477.89  251.80  886.26  884.90  346.93  456.61  829.37  821.63  701.22  604.49  644.65  885.73  304.58  705.76  586.62  459.69  636.12  939.98  235.12
  496.85  951.84  370.17  185.85  392.34  606.46  305.57  841.22  901.98  278.74  634.37  731.58  899.91  102.40  384.59  442.00  948.63  101.71  893.28  530.47  186.92  269.13  809.02  556.11  391.55  223.71  418.21  238.28  537.51  356.78  994.87  881.89  318.36  453.26  313.55  450.29  545.33  702.06  873.63  339.01  556.86  798.56  860.04  720.84  738.65  408.88  255.43  316.35  324.99  850.97
  100.16  348.81  909.92  466.34  594.54  209.40  248.22  463.00  594.17  978.35  800.92  311.80  944.96  873.16  258.26  915.26  654.75  756.88  129.44  276.59  942.33  954.72  641.76  802.25  585.30  447.83  639.90  201.43  763.25  198.92  613.18  584.12  101.48  900.43  829.81  181.81  993.27  612.07  283.15  328.42  549.68  381.92  502.34  386.81  784.77  185.46  978.86  605.65  279.81  446.87
  624.20  708.77  805.12  432.18  323.71  782.52  907.44  356.68  296.94  917.59  617.29  559.05  743.99  201.66  610.59  908.60  338.20  712.00  629.74  983.10  108.87  896.56  463.06  490.35  699.27  894.22  407.89  664.94  788.21  974.74  962.60  260.39  333.25  123.45  675.30  750.96  355.59  368.39  571.94  286.20  592.35  653.94  308.93  138.94  284.87  851.91  318.53  702.30  466.93  925.96
  259.84  778.06  417.30  356.82  296.73  680.07  710.09  601.76  594.06  542.80  822.04  673.37  125.05  446.50  711.21  835.42  560.84  853.70  109.43  396.90  663.59  862.40  237.26  723.56  285.77  616.16  738.25  149.16  732.56  800.25  845.50  987.04  539.90  785.53  868.66  121.07  972.09  186.82  176.25  299.07  117.86  154.22  729.30  812.78  981.14  590.25  957.36  844.21  401.38  843.01
  536.18  322.66  534.64  155.51  280.38  997.74  466.97  162.39  490.02  523.70  936.59  235.32  479.88  475.41  208.87  273.36  672.41  346.92  421.96  850.19  127.96  712.24  448.18  464.10  753.10  261.43  124.78  308.84  674.69  514.75  725.11  572.96  199.33  783.93  974.62  576.67  353.16  486.71  149.04  917.89  318.20  992.49  775.15  939.26  609.96  810.26  275.56  103.61  749.18  424.58
  195.44  646.79  359.53  256.83  460.05  404.34  554.47  968.74  266.88  426.87  198.44  318.93  286.70  907.69  321.57  408.05  905.17  892.78  795.65  367.68  587.26  973.45  597.97  634.50  376.50  183.57  459.50  185.94  311.06  763.44  883.22  989.29  506.18  701.16  995.54  935.13  834.96  283.36  706.12  894.04  865.99  304.02  620.50  100.23  322.76  321.58  371.38  573.77  216.63  839.41
  940.29  751.26  224.57  613.70  867.10  220.12  699.76  604.57  191.87  931.11  918.68  206.95  565.51  929.99  360.55  584.13  447.72  807.00  413.10  313.41  827.55  869.12  179.40  428.62  894.85  625.22  276.77  934.33  815.24  664.24  728.60  460.19  533.20  642.57  577.63  122.16  201.76  746.18  495.11  595.54  389.41  469.64  784.33  533.43  602.07  111.68  804.11  571.05  165.96  825.91
  296.78  871.17  843.84  229.96  723.59  157.54  736.86  226.70  881.29  896.32  770.07  393.86  220.46  257.33  364.60  804.24  151.51  590.33  613.83  195.79  954.11  983.15  407.04  755.90  291.21  845.72  803.68  140.14  571.04  840.25  508.08  651.13  845.62  692.15  246.26  207.63  941.70  271.33  880.07  975.35  351.45  251.07  674.73  654.69  669.17  556.99  207.67  736.79  769.75  510.29
  187.27  710.01  476.38  628.76  750.14  742.42  578.87  466.58  511.60  929.43  717.11  147.58  631.00  488.48  785.61  410.66  925.98  670.05  854.45  934.53  777.74  581.24  417.85  883.30  606.96  811.22  674.72  473.41  683.45  273.63  184.85  167.47  984.40  337.19  527.75  392.84  791.40  586.08  322.23  510.70  370.62  957.11  375.47  966.29  574.74  920.78  879.54  334.75  570.62  874.35
  989.44  271.81  463.96  437.82  619.96  797.09  320.28  603.02  584.76  457.24  995.21  632.28  663.06  272.24  197.76  759.77  623.22  615.35  170.35  804.40  722.73  778.54  903.02  684.87  853.28  343.16  795.15  487.84  552.45  566.46  826.57  798.65  682.60  318.56  954.29  895.84  652.69  154.24  687.10  273.28  167.45  999.77  180.62  888.52  498.43  625.05  731.56  954.61  513.16  218.05
  653.33  512.44  876.13  914.84  410.38  157.42  904.06  820.62  470.04  706.86  460.58  446.25  303.97  938.55  571.07  429.24  288.38  103.85  516.25  903.96  911.59  668.14  743.45  390.04  539.01  690.24  432.26  674.74  344.59  150.05  107.59  487.50  781.17  355.55  600.04  294.03  123.64  183.89  894.66  708.87  593.47  685.54  451.11  172.21  536.60  754.38  446.47  847.49  589.82  940.46
