  351.59  841.30  491.39  934.52  689.01  985.01  880.64  377.89  525.38  345.80  419.35  256.11  881.73  301.66  453.30  200.20  220.61  503.66  195.47  827.40
  956.28  161.83  394.58  260.62  955.22  442.26  760.20  755.43  201.85  415.82  463.76  549.87  611.87  225.91  890.95  421.79  877.59  803.79  745.23  765.69
  964.33  695.87  530.75  325.53  881.79  126.25  632.55  674.86  737.75  631.02  407.05  766.50  480.21  842.85  729.03  308.63  902.85  187.82  910.24  793.18
  553.17  860.79  448.33  199.83  816.53  343.95  781.49  173.02  580.96  438.64  551.54  578.23  305.44  955.22  206.24  412.00  942.49  313.11  234.37  326.14
  898.21  812.74  423.91  627.56  123.11  899.99  731.65  298.13  974.41  676.04  119.99  660.71  138.78  137.57  530.31  750.98  267.80  497.21  560.59  639.95
  731.32  802.13  267.78  644.34  456.72  490.83  680.85  466.59  571.29  904.22  986.55  219.54  188.88  718.26  980.28  220.03  496.40  392.16  569.64  344.45
  728.86  624.91  658.44  740.97  119.65  821.67  744.68  149.50  884.33  783.31  398.08  513.14  767.57  987.77  399.29  982.51  982.76  796.07  798.39  164.10
  280.26  722.07  123.41  431.99  181.80  255.45  595.05  308.69  898.26  889.48  281.08  122.18  225.52  119.80  850.96  140.82  192.18  579.78  422.71  933.30
  914.37  580.12  892.30  315.51  452.36  847.15  587.40  592.21  560.64  236.13  710.17  607.50  138.41  870.54  404.04  965.23  343.47  210.31  417.97  811.64
  685.19  244.52  227.31  279.60  949.17  107.28  605.96  213.64  684.48  378.62  919.06  514.43  488.39  894.36  755.41  115.31  115.92  457.71  226.34  932.96
  389.46  664.62  995.56  806.75  862.98  434.98  499.58  529.44  117.56  976.96  289.12  880.35  583.38  398.37  546.24  940.90  765.91  676.42  349.92  987.01
  547.55  839.92  398.46  470.28  632.08  991.69  921.78  606.55  455.04  744.84  309.01  409.25  224.98  986.92  236.34  901.61  413.89  859.59  502.23  908.43
  805.95  750.76  530.42  327.29  388.20  752.44  597.18  403.38  826.01  635.90  356.61  130.65  755.14  840.50  577.72  249.04  174.63  459.70  803.73  409.71
  287.06  749.63  620.74  172.55  758.65  240.14  903.65  366.22  638.10  636.75  726.64  772.00  532.94  567.43  181.31  257.03  507.39  432.93  292.59  519.51
  575.03  733.82  971.48  635.87  236.33  103.51  404.19  778.16  210.48  505.98  642.17  216.85  159.39  357.09  870.50  266.24  974.59  603.41  540.16  907.40
  643.25  339.25  913.19  674.09  879.32  194.39  658.47  823.41  262.91  744.63  852.68  633.51  961.35  860.73  955.71  873.96  302.62  378.82  896.60  560.19
  814.44  865.64  707.42  102.68  191.60  938.85  171.55  777.66  581.87  429.49  935.48  341.66  406.60  550.06  887.44  813.81  942.85  184.22  903.51  905.64
  296.36  216.02  796.23  214.27  872.74  137.21  814.05  862.15  714.31  160.78  858.59  929.95  674.15  897.08  966.83  859.52  408.24  694.54  205.90  744.64
  673.67  442.43  899.39  777.65  537.71  988.74  130.06  962.94  761.64  390.93  386.45  781.49  815.90  108.21  100.84  246.41  831.62  334.48  800.78  482.42
  967.68  693.35  367.19  703.06  864.27  856.77  894.19  119.37  274.48  538.93  987.25  939.79  806.33  568.30  724.71  756.53  573.20  794.50  201.20  591.25
