  689.01  732.43  477.59  161.83  138.78  351.59  956.28  663.77  345.80  260.62  765.69  957.13  525.38  548.15  220.61  530.75  394.58  377.89  491.39  934.52
  176.83  200.20  985.01  276.96  755.43  881.73  720.91  195.47  737.75  881.79  611.87  352.72  453.30  860.79  803.79  551.39  225.92  137.57  256.11  722.07
  955.22  503.66  880.64  890.95  775.18  551.68  415.82  421.79  877.59  549.87  632.55  902.85  201.85  463.76  827.40  560.59  910.24  187.82  942.49  842.85
  213.87  745.23  766.50  919.06  980.28  676.04  841.30  750.98  899.99  480.21  729.03  448.33  126.25  438.64  298.13  553.17  631.02  326.14  760.20  569.64
  812.74  343.95  578.23  479.56  680.85  308.63  816.53  412.00  199.83  206.24  308.69  305.44  343.47  423.91  639.95  272.39  301.66  718.26  430.54  914.37
  267.80  580.96  898.21  181.80  313.11  728.86  140.82  442.26  793.18  964.33  497.21  695.87  731.65  219.54  781.49  731.32  987.77  119.99  955.22  530.31
  674.86  280.26  188.88  234.37  644.34  974.41  456.72  821.67  490.83  267.78  658.44  894.36  986.55  344.45  627.56  173.02  802.13  392.16  225.91  244.52
  579.78  660.71  607.50  513.14  884.33  325.53  767.57  783.31  210.31  571.29  551.54  115.31  624.91  685.19  740.97  904.22  399.29  119.65  965.23  398.08
  255.45  356.61  419.35  744.68  164.10  236.13  138.41  466.59  496.40  123.41  122.18  710.17  117.56  605.96  149.50  580.12  417.97  227.31  281.08  847.15
  123.11  870.54  192.18  488.39  949.17  309.01  898.26  210.48  398.46  225.52  315.51  249.04  933.30  407.05  991.69  119.80  409.25  987.01  505.98  850.96
  755.41  798.39  982.51  378.62  459.70  889.48  279.60  592.21  811.64  220.03  755.14  880.35  226.34  632.08  796.07  635.87  431.99  514.43  174.63  452.36
  932.96  107.28  499.58  546.24  595.05  389.46  862.98  676.42  806.75  529.44  908.43  995.56  115.92  583.38  940.90  750.76  413.89  765.91  388.20  404.19
  577.72  982.76  839.92  684.48  749.63  327.29  404.04  224.98  457.71  289.12  130.65  892.30  470.28  560.64  967.68  213.64  378.82  398.37  772.00  172.55
  349.92  803.73  502.23  859.59  547.55  403.38  635.90  986.92  455.04  752.44  597.18  530.42  778.16  744.84  422.71  921.78  879.32  540.16  181.31  567.43
  287.06  901.61  903.65  532.94  519.51  840.50  236.34  432.93  899.39  103.51  606.55  976.96  638.10  636.75  974.59  357.09  366.22  216.02  236.33  814.44
  826.01  860.73  292.59  257.03  664.62  171.55  240.14  852.68  726.64  758.65  620.74  733.82  796.23  507.39  870.50  159.39  658.47  575.03  961.35  266.24
  550.06  823.41  216.85  275.60  191.60  102.68  907.40  390.93  409.71  971.48  406.60  929.95  262.91  560.19  897.08  673.67  581.87  633.51  896.60  703.06
  587.40  887.44  429.49  787.78  744.63  194.39  865.64  744.64  214.27  938.85  859.52  697.93  160.78  988.74  935.48  694.54  137.21  603.41  100.84  831.62
  339.25  913.19  813.81  955.71  873.96  724.71  184.22  862.15  408.24  302.62  434.98  341.66  130.13  966.83  108.21  872.74  334.48  761.64  777.66  903.51
  714.31  296.36  154.83  856.77  537.71  643.25  674.09  905.64  119.37  367.19  642.17  573.20  336.40  756.53  336.73  350.87  189.49  951.84  386.45  806.33
