  985.01  765.69  195.47  737.75  934.52  611.87  525.38  722.07  803.79  860.79
  351.59  225.91  313.11  419.35  394.58  137.57  301.66  580.96  841.30  438.64
  220.61  442.26  910.24  138.78  695.87  200.20  955.22  530.75  827.40  560.59
  453.30  199.83  187.82  206.24  980.28  881.79  415.82  766.50  463.76  480.21
  503.66  881.73  448.33  119.99  919.06  902.85  325.53  745.23  890.95  298.13
  549.87  126.25  680.85  256.11  842.85  964.33  942.49  140.82  674.86  783.31
  345.80  955.22  423.91  899.99  816.53  343.95  490.83  308.63  812.74  343.47
  718.26  326.14  188.88  750.98  407.05  497.21  123.11  578.23  201.85  744.68
  793.18  305.44  914.37  234.37  877.59  569.64  631.02  760.20  181.80  676.04
  280.26  729.03  219.54  530.31  173.02  392.16  658.44  260.62  551.54  117.56
