  137.57  415.82  611.87  729.03  442.26  919.06  841.30  881.73  722.07  695.87  632.55  497.21  676.04  225.91  827.40  503.66  674.86  326.14  955.22  525.38  737.75  877.59  910.24  453.30  549.87  206.24  890.95  781.49  220.61  187.82
  407.05  881.79  750.98  394.58  267.80  760.20  140.82  580.96  842.85  964.33  480.21  301.66  803.79  942.49  201.85  569.64  313.11  551.54  267.78  955.22  578.23  812.74  412.00  766.50  793.18  308.63  280.26  902.85  119.99  745.23
  980.28  260.62  490.83  783.31  627.56  325.53  631.02  986.55  744.68  731.65  466.59  658.44  419.35  343.47  802.13  660.71  530.31  899.99  188.88  898.21  904.22  624.91  898.26  398.08  298.13  914.37  740.97  821.67  234.37  123.11
  728.86  894.36  244.52  181.80  560.59  305.44  571.29  119.80  220.03  889.48  579.78  308.69  767.57  718.26  199.83  456.72  448.33  123.41  236.13  210.31  685.19  343.95  117.56  404.04  847.15  173.02  399.29  965.23  639.95  644.34
  255.45  607.50  595.05  138.41  816.53  344.45  115.31  982.76  219.54  798.39  987.77  281.08  974.41  850.96  796.07  949.17  210.48  982.51  605.96  933.30  423.91  884.33  680.85  488.39  731.32  496.40  126.25  452.36  192.18  892.30
  119.65  213.64  580.12  514.43  560.64  513.14  664.62  409.25  164.10  806.75  227.31  755.14  149.50  459.70  249.04  309.01  356.61  463.76  635.87  122.18  991.69  811.64  378.62  932.96  315.51  398.37  499.58  987.01  529.44  392.16
  976.96  986.92  349.92  422.71  592.21  434.98  583.38  859.59  755.41  684.48  505.98  744.84  398.46  546.24  765.91  547.55  839.92  587.40  940.90  676.42  749.63  606.55  225.52  174.63  862.98  404.19  470.28  226.34  967.68  417.97
  908.43  102.68  389.46  171.55  455.04  995.56  289.12  710.17  431.99  378.82  413.89  366.22  635.90  130.65  880.35  236.34  803.73  632.08  224.98  540.16  530.42  638.10  913.19  752.44  577.72  107.28  901.61  633.51  409.71  597.18
  388.20  603.41  519.51  502.23  257.03  115.92  758.65  181.31  903.65  899.39  236.33  636.75  620.74  262.91  103.51  643.25  907.40  971.48  772.00  870.50  840.50  879.32  814.44  778.16  870.54  860.73  191.60  279.60  266.24  357.09
  567.43  507.39  532.94  814.05  216.85  390.93  240.14  744.63  403.38  130.06  826.01  194.39  581.87  961.35  216.02  429.49  292.59  658.47  575.03  796.23  159.39  726.64  988.74  287.06  865.64  550.06  673.67  327.29  750.76  642.17
  831.62  852.68  813.81  406.60  674.09  703.06  432.93  154.83  823.41  100.84  974.59  302.62  457.71  805.95  697.93  903.51  935.48  921.78  858.59  160.78  787.78  929.95  296.36  859.52  707.42  862.15  714.31  962.94  955.71  205.90
  560.19  336.40  905.64  674.15  341.66  442.43  724.71  873.96  108.21  184.22  538.93  896.60  777.65  872.74  591.25  897.08  119.37  756.53  887.44  987.25  800.78  815.90  137.21  951.84  672.45  761.64  573.20  806.33  568.30  189.49
  334.48  856.77  966.83  274.48  130.13  246.41  275.60  328.44  864.27  781.49  482.42  172.55  336.73  818.25  201.20  844.86  320.90  694.54  408.24  744.64  367.19  339.25  794.50  378.47  549.21  780.24  859.43  980.85  473.69  341.80
  762.07  894.19  672.42  350.87  966.70  330.17  639.73  942.85  537.71  407.76  601.00  939.79  310.61  406.13  460.64  386.45  322.75  990.32  842.93  706.19  772.29  249.47  702.24  623.16  733.82  857.75  769.40  825.47  486.16  855.74
  328.23  718.15  461.09  840.05  890.27  421.83  214.27  938.85  633.51  264.89  830.48  535.95  957.29  168.85  552.10  945.80  587.35  838.69  317.68  904.45  214.79  410.52  594.71  923.27  762.82  170.98  124.75  693.35  312.60  856.73
  158.84  563.88  219.06  578.81  870.90  814.66  969.00  449.94  281.65  525.44  234.76  434.12  496.15  777.66  280.61  181.55  679.58  971.17  845.12  724.58  273.94  822.77  643.73  682.41  507.12  581.74  633.80  812.23  379.34  994.18
  729.30  735.03  477.42  154.51  101.64  703.48  713.48  439.57  727.65  272.60  864.06  541.71  856.26  893.58  516.64  595.08  489.93  367.71  563.08  390.79  141.23  439.22  569.14  101.03  693.08  281.56  987.76  814.37  957.88  715.70
  197.98  440.07  716.77  790.68  323.34  411.85  869.64  540.52  511.86  634.73  623.81  702.69  671.98  928.22  218.49  738.73  945.49  807.26  183.36  462.28  486.34  201.17  998.63  812.05  541.25  360.55  321.64  569.69  858.16  344.02
  940.36  234.15  220.23  662.77  802.63  539.77  676.77  465.97  488.89  197.66  352.01  493.60  832.72  689.28  470.57  291.58  693.63  372.98  858.09  682.45  923.43  302.98  859.34  185.80  224.17  465.44  713.27  782.37  439.96  153.37
  405.96  235.34  573.75  408.53  962.71  932.07  180.32  163.28  730.07  333.15  790.05  220.86  608.91  907.27  904.07  441.71  916.42  651.65  190.76  577.42  598.65  885.52  750.37  735.71  627.64  127.28  355.86  946.67  412.17  201.25
  913.49  376.67  774.75  527.60  566.43  532.74  124.12  177.20  364.78  190.59  322.33  883.90  653.03  533.74  804.73  736.95  270.59  397.51  114.96  427.42  771.79  794.85  135.11  273.76  579.41  202.42  158.49  508.69  584.52  460.96
  738.07  811.00  186.42  688.11  343.22  516.94  930.59  568.58  498.93  398.22  710.94  715.07  711.17  290.03  733.13  106.24  989.91  197.60  798.26  762.02  853.42  981.88  857.24  589.88  785.91  284.32  257.75  560.04  367.29  997.49
  355.09  573.32  806.02  512.74  517.10  410.34  656.85  195.49  201.38  272.94  539.50  307.35  352.61  710.48  685.03  587.60  373.65  896.19  892.59  659.12  848.41  721.13  871.93  492.95  221.25  767.54  241.02  446.67  999.25  990.78
  438.36  385.01  206.49  647.15  125.01  429.43  303.37  121.43  179.99  737.07  771.23  354.34  688.38  577.88  459.21  509.27  542.22  587.73  167.61  401.22  856.08  184.00  956.42  559.65  240.94  637.06  605.99  903.02  293.26  768.16
  331.88  357.13  344.81  804.02  151.26  858.83  247.60  182.35  420.14  837.85  617.86  697.02  749.58  176.40  377.93  326.47  233.60  218.95  556.18  925.52  186.34  516.54  276.56  351.36  162.25  949.02  566.25  356.93  152.11  975.13
  709.09  359.27  342.37  746.48  236.99  913.11  637.22  793.86  294.36  918.05  958.99  583.52  530.30  318.10  870.31  835.14  789.78  204.05  314.38  578.72  860.56  860.01  821.70  937.08  710.72  845.63  773.62  819.75  666.18  678.77
  428.35  231.02  848.34  177.91  624.60  340.50  906.82  880.26  368.42  227.49  563.61  473.95  404.97  327.59  220.35  523.74  175.53  381.46  111.45  206.79  990.64  110.65  490.50  998.61  917.41  139.70  257.54  747.26  909.70  450.48
  977.20  894.81  915.95  712.39  521.22  447.42  414.77  748.56  722.02  925.40  481.59  255.02  883.41  132.95  191.94  389.37  152.07  945.80  822.26  655.97  856.39  646.00  440.96  117.37  763.27  202.05  883.86  657.76  411.98  371.71
  353.26  395.05  256.53  782.68  566.31  149.05  128.91  243.67  747.50  784.37  695.92  103.94  435.95  501.53  643.47  277.70  234.71  915.92  213.24  603.83  370.89  844.92  239.67  356.58  645.93  468.50  733.21  725.89  967.08  821.37
  267.41  703.62  469.25  281.53  510.97  398.83  968.50  735.27  388.45  106.18  589.02  558.47  515.60  696.59  565.49  461.55  156.03  909.38  898.92  718.51  464.72  529.30  807.31  355.61  849.49  902.79  351.32  819.86  556.41  948.03
