  313.11  560.59  611.87  301.66  201.85  580.96  919.06  220.61  442.26  803.79  225.91  326.14  890.95  394.58  760.20  729.03  842.85  632.55  910.24  631.02
  781.49  419.35  902.85  448.33  187.82  199.83  569.64  964.33  503.66  463.76  123.11  695.87  549.87  881.79  137.57  497.21  298.13  877.59  173.02  766.50
  206.24  267.80  745.23  980.28  881.73  412.00  119.99  793.18  407.05  480.21  955.22  140.82  578.23  325.53  343.95  728.86  305.44  551.54  680.85  737.75
  744.68  986.55  490.83  627.56  899.99  308.63  181.80  423.91  308.69  731.32  802.13  343.47  731.65  987.77  898.26  821.67  942.49  674.86  660.71  676.04
  740.97  904.22  624.91  466.59  219.54  126.25  234.37  220.03  579.78  188.88  267.78  280.26  415.82  884.33  639.95  847.15  750.98  898.21  894.36  149.50
  974.41  456.72  955.22  914.37  431.99  236.13  607.50  344.45  392.16  718.26  816.53  398.08  965.23  404.04  164.10  530.31  812.74  806.75  225.52  488.39
  889.48  798.39  644.34  119.65  496.40  783.31  452.36  192.18  119.80  580.12  399.29  255.45  767.57  356.61  827.40  933.30  595.05  870.54  210.31  605.96
  755.41  811.64  315.51  117.56  587.40  398.46  417.97  982.51  123.41  279.60  513.14  949.17  210.48  226.34  459.70  710.17  796.07  850.96  138.41  685.19
  571.29  658.44  281.08  107.28  664.62  115.92  130.65  635.87  932.96  592.21  102.68  529.44  309.01  249.04  892.30  422.71  755.14  560.64  398.37  991.69
  434.98  349.92  982.76  859.59  409.25  583.38  457.71  378.62  514.43  987.01  404.19  749.63  289.12  995.56  606.55  115.31  976.96  921.78  676.42  389.46
  530.42  744.84  244.52  765.91  879.32  547.55  171.55  122.18  577.72  750.76  772.00  805.95  213.64  862.98  378.82  470.28  227.31  432.93  908.43  546.24
  752.44  287.06  388.20  236.34  567.43  903.65  826.01  266.24  803.73  620.74  327.29  940.90  967.68  505.98  839.92  880.35  366.22  635.90  413.89  913.19
  814.05  181.31  901.61  103.51  603.41  502.23  292.59  778.16  684.48  455.04  403.38  409.71  532.94  840.50  519.51  390.93  575.03  638.10  257.03  633.51
  507.39  814.44  643.25  216.85  636.75  658.47  339.25  758.65  540.16  216.02  275.60  907.40  726.64  172.55  870.50  240.14  744.63  988.74  224.98  406.60
  852.68  642.17  796.23  733.82  560.19  860.73  823.41  581.87  971.48  262.91  159.39  674.09  357.09  961.35  859.52  787.78  831.62  154.83  632.08  191.60
  499.58  550.06  929.95  899.39  429.49  935.48  951.84  887.44  942.85  800.78  813.81  873.96  724.71  673.67  703.06  174.63  336.40  777.66  862.15  858.59
  160.78  872.74  714.31  538.93  194.39  341.66  537.71  672.45  966.83  694.54  205.90  334.48  806.33  674.15  777.65  130.13  100.84  236.33  955.71  761.64
  896.60  697.93  856.77  962.94  987.25  897.08  672.42  756.53  939.79  137.21  780.24  336.73  367.19  905.64  482.42  597.18  302.62  986.92  473.69  844.86
  573.20  214.27  815.90  591.25  864.27  408.24  938.85  274.48  130.06  350.87  189.49  386.45  341.80  440.07  974.59  330.17  772.29  246.41  707.42  693.35
  994.18  857.75  101.64  119.37  842.93  814.66  818.25  249.47  859.43  378.47  201.20  706.19  407.76  406.13  310.61  320.90  460.64  601.00  980.85  280.61
