  345.80  985.01  213.87  860.79  477.59  956.28  551.39  421.79  755.43  352.72  260.62  438.64  553.17  503.66  491.39  722.07  479.56  842.85  430.54  220.61
  841.30  676.04  548.15  377.89  530.75  463.76  225.91  919.06  551.68  419.35  301.66  138.78  934.52  827.40  732.43  313.11  415.82  560.59  890.95  957.13
  881.73  453.30  902.85  201.85  256.11  632.55  161.83  195.47  325.53  137.57  745.23  766.50  394.58  765.69  480.21  737.75  631.02  326.14  126.25  200.20
  942.49  442.26  877.59  910.24  199.83  119.99  407.05  206.24  680.85  881.79  569.64  549.87  803.79  580.96  689.01  793.18  272.39  351.59  899.99  267.80
  674.86  551.54  812.74  578.23  783.31  412.00  695.87  225.92  760.20  980.28  525.38  173.02  187.82  955.22  964.33  744.68  781.49  234.37  627.56  448.33
  123.11  140.82  343.95  898.21  267.78  280.26  423.91  343.47  821.67  639.95  880.64  816.53  644.34  392.16  298.13  497.21  729.03  658.44  624.91  802.13
  660.71  571.29  490.83  750.98  914.37  731.32  847.15  611.87  244.52  530.31  188.88  731.65  607.50  119.80  219.54  986.55  974.41  149.50  466.59  220.03
  356.61  955.22  181.80  728.86  210.31  236.13  192.18  115.31  138.41  685.19  305.44  595.05  308.69  210.48  965.23  798.39  894.36  579.78  255.45  767.57
  496.40  740.97  488.39  123.41  796.07  933.30  308.63  122.18  850.96  399.29  398.08  892.30  459.70  898.26  514.43  281.08  884.33  904.22  592.21  227.31
  982.76  431.99  117.56  870.54  226.34  213.64  755.14  452.36  315.51  587.40  560.64  889.48  398.46  811.64  456.72  107.28  102.68  880.35  991.69  249.04
  422.71  279.60  409.25  378.62  404.04  389.46  632.08  119.65  635.87  344.45  987.77  398.37  413.89  995.56  986.92  349.92  744.84  580.12  505.98  755.41
  664.62  164.10  982.51  289.12  130.65  806.75  174.63  547.55  513.14  908.43  862.98  115.92  457.71  684.48  404.19  765.91  940.90  605.96  859.59  388.20
  224.98  434.98  546.24  606.55  676.42  577.72  499.58  530.42  378.82  529.44  805.95  470.28  949.17  225.52  803.73  432.93  772.00  967.68  635.90  976.96
  749.63  826.01  567.43  603.41  236.34  597.18  814.05  636.75  540.16  266.24  932.96  455.04  327.29  750.76  409.71  913.19  879.32  171.55  839.92  417.97
  961.35  840.50  643.25  507.39  903.65  257.03  899.39  907.40  357.09  287.06  502.23  390.93  172.55  103.51  921.78  262.91  733.82  583.38  633.51  752.44
  240.14  620.74  550.06  638.10  971.48  726.64  159.39  814.44  181.31  194.39  309.01  987.01  778.16  710.17  718.26  406.60  642.17  796.23  823.41  744.63
  896.60  974.59  674.09  901.61  831.62  236.33  658.47  955.71  777.66  938.85  860.73  532.94  758.65  581.87  191.60  429.49  870.50  905.64  787.78  336.40
  519.51  216.02  302.62  988.74  673.67  929.95  703.06  560.19  339.25  214.27  697.93  137.21  403.38  897.08  341.66  674.15  694.54  296.36  935.48  724.71
  865.64  744.64  408.24  538.93  887.44  205.90  160.78  130.06  966.83  707.42  714.31  367.19  575.03  862.15  442.43  292.59  962.94  386.45  334.48  537.71
  806.33  154.83  856.77  873.96  780.24  903.51  872.74  482.42  366.22  756.53  942.85  108.21  852.68  473.69  350.87  672.42  130.13  781.49  568.30  336.73
