  442.26  201.85  942.49  881.79  955.22  611.87  480.21  549.87  497.21  695.87  560.59  766.50  827.40  902.85  463.76  206.24  980.28  919.06  750.98  267.80  326.14  199.83  955.22  448.33  298.13  325.53  578.23  580.96  267.78  173.02
  126.25  631.02  899.99  140.82  343.95  898.21  234.37  187.82  783.31  760.20  812.74  680.85  415.82  964.33  551.54  569.64  660.71  745.23  890.95  627.56  308.69  423.91  181.80  490.83  407.05  910.24  219.54  914.37  987.77  793.18
  188.88  974.41  904.22  392.16  117.56  639.95  802.13  456.72  412.00  731.32  898.26  595.05  280.26  674.86  744.68  889.48  220.03  644.34  571.29  986.55  398.08  740.97  399.29  119.65  847.15  803.79  731.65  138.41  343.47  718.26
  123.11  149.50  192.18  624.91  466.59  884.33  781.49  244.52  305.44  821.67  685.19  607.50  982.76  210.31  115.31  982.51  225.52  767.57  728.86  123.41  459.70  894.36  119.80  580.12  496.40  308.63  210.48  933.30  816.53  255.45
  164.10  530.31  119.99  710.17  798.39  806.75  811.64  398.46  356.61  877.59  796.07  226.34  422.71  344.45  404.04  213.64  991.69  227.31  107.28  755.41  452.36  949.17  658.44  513.14  587.40  605.96  635.87  684.48  122.18  499.58
  880.35  279.60  579.78  115.92  995.56  987.01  676.42  932.96  892.30  850.96  431.99  755.14  862.98  389.46  664.62  976.96  457.71  378.62  249.04  514.43  130.65  488.39  965.23  174.63  315.51  870.54  289.12  529.44  592.21  632.08
  309.01  839.92  765.91  349.92  434.98  546.24  879.32  606.55  921.78  744.84  281.08  530.42  236.34  505.98  547.55  752.44  224.98  901.61  986.92  859.59  171.55  470.28  502.23  603.41  388.20  750.76  805.95  560.64  236.13  287.06
  378.82  940.90  803.73  540.16  903.65  266.24  404.19  826.01  620.74  172.55  635.90  398.37  758.65  840.50  577.72  778.16  102.68  413.89  455.04  908.43  181.31  292.59  636.75  519.51  567.43  532.94  633.51  262.91  507.39  733.82
  772.00  961.35  403.38  240.14  409.71  870.50  366.22  638.10  907.40  236.33  216.85  275.60  390.93  860.73  191.60  417.97  159.39  971.48  852.68  257.03  935.48  814.05  899.39  658.47  581.87  913.19  560.19  357.09  550.06  154.83
  749.63  814.44  406.60  777.66  103.51  643.25  897.08  938.85  823.41  787.78  302.62  327.29  967.68  429.49  744.63  642.17  707.42  409.25  873.96  896.60  336.40  813.81  905.64  697.93  903.51  694.54  724.71  744.64  674.15  583.38
  955.71  160.78  130.06  673.67  296.36  796.23  887.44  951.84  538.93  974.59  432.93  100.84  859.52  108.21  806.33  800.78  962.94  408.24  214.27  339.25  184.22  872.74  442.43  726.64  858.59  988.74  672.45  130.13  537.71  205.90
  194.39  781.49  856.77  987.25  939.79  703.06  862.15  780.24  482.42  597.18  966.83  386.45  367.19  865.64  894.19  137.21  693.35  350.87  756.53  929.95  274.48  714.31  702.24  341.80  525.44  573.20  831.62  568.30  440.07  119.37
  777.65  189.49  473.69  201.20  549.21  486.16  762.07  818.25  761.64  280.61  378.47  320.90  942.85  980.85  246.41  674.09  672.42  168.85  336.73  794.50  857.75  706.19  552.10  406.13  864.27  330.17  310.61  249.47  639.73  341.66
  840.05  460.64  772.29  842.93  623.16  575.03  633.51  264.89  904.45  328.44  769.40  830.48  814.66  940.36  421.83  334.48  154.51  101.64  601.00  945.80  844.86  461.09  825.47  312.60  141.23  594.71  762.82  890.27  535.95  994.18
  971.17  812.23  234.76  591.25  219.06  496.15  216.02  218.49  563.88  273.94  855.74  560.04  713.48  838.69  724.58  815.90  578.81  870.90  322.75  587.35  643.73  729.30  633.80  328.23  214.79  703.48  390.79  990.32  856.73  434.12
  317.68  727.65  738.73  864.06  845.12  715.70  822.77  541.71  158.84  682.41  718.15  595.08  181.55  957.88  516.64  735.71  379.34  966.70  367.71  439.57  969.00  281.56  411.85  893.58  923.27  281.65  540.52  702.69  814.37  489.93
  407.76  462.28  945.49  987.76  507.12  439.22  405.96  235.34  323.34  735.03  693.08  201.17  859.43  623.81  869.64  486.34  101.03  410.52  511.86  355.86  569.14  679.58  563.08  190.76  998.63  858.16  928.22  904.07  344.02  581.74
  477.42  569.69  372.98  584.52  163.28  272.60  634.73  856.26  220.23  812.05  321.64  183.36  736.95  807.26  689.28  907.27  932.07  333.15  541.25  885.52  539.77  197.66  802.63  957.29  716.77  790.68  291.58  676.77  465.97  713.27
  923.43  566.43  488.89  946.67  682.45  782.37  221.25  408.53  693.63  185.80  790.05  573.75  180.32  302.98  493.60  883.90  832.72  859.34  651.65  858.09  730.07  662.77  577.42  962.71  981.88  234.15  153.37  124.75  201.25  916.42
  343.22  470.57  114.96  568.58  767.54  449.94  197.98  533.74  224.17  376.67  352.01  532.74  774.75  270.59  397.51  715.07  220.86  559.65  527.60  892.59  439.96  697.02  498.93  360.55  771.79  190.59  177.20  608.91  671.98  135.11
  738.07  516.94  492.95  202.42  186.42  858.83  627.64  579.41  197.60  733.13  656.85  364.78  195.49  930.59  913.49  997.49  441.71  158.49  811.00  465.44  398.22  124.12  653.03  999.25  710.48  352.61  322.33  598.65  737.07  785.91
  273.76  794.85  284.32  241.02  170.98  186.34  512.74  853.42  460.96  517.10  539.50  508.69  573.32  427.42  750.37  307.35  429.43  151.26  989.91  685.03  710.94  257.75  721.13  201.38  294.36  355.09  106.24  711.17  768.16  410.34
  303.37  542.22  990.78  272.94  749.58  659.12  290.03  835.14  446.67  806.02  367.29  577.88  459.21  385.01  206.49  357.13  709.09  688.38  647.15  218.95  804.73  438.36  856.08  637.06  206.79  605.99  857.24  344.81  871.93  412.17
  293.26  354.34  179.99  373.65  247.60  587.73  977.20  771.23  404.97  516.54  896.19  587.60  182.35  420.14  956.42  127.28  167.61  326.47  318.10  125.01  975.13  793.86  589.88  804.02  236.99  401.22  637.22  678.77  870.31  903.02
  176.40  617.86  688.11  556.18  509.27  351.36  747.26  530.30  184.00  958.99  937.08  798.26  340.50  624.60  314.38  377.93  566.25  918.05  110.65  231.02  949.02  257.54  925.52  856.39  276.56  327.59  227.49  234.71  773.62  583.52
  359.27  848.34  175.53  342.37  860.01  913.11  356.93  370.89  177.91  368.42  909.70  521.22  746.48  121.43  204.05  240.94  822.26  819.75  220.35  566.31  880.26  139.70  848.41  821.70  450.48  331.88  666.18  447.42  819.86  111.45
  646.00  162.25  655.97  389.37  152.11  149.05  894.81  806.67  152.07  712.39  837.85  998.61  789.78  845.63  414.77  233.60  132.95  722.02  563.61  353.26  428.35  103.94  490.50  762.02  990.64  235.21  643.47  763.27  657.76  256.53
  151.57  117.37  733.21  371.71  725.89  411.98  213.24  883.86  523.74  473.95  782.68  898.92  191.94  381.46  255.02  267.41  695.92  915.95  860.56  601.71  222.54  349.41  915.92  909.38  844.92  481.59  501.53  748.56  128.91  440.96
  677.64  807.31  883.41  703.62  243.67  515.60  510.97  329.52  469.25  468.50  388.45  747.50  603.83  297.65  925.40  589.02  565.49  202.05  968.50  710.72  647.21  821.37  645.93  229.27  951.93  604.35  696.59  490.06  735.27  435.95
  784.37  395.05  355.61  156.03  801.08  348.80  967.08  464.72  356.58  759.75  466.52  950.34  964.57  635.34  461.55  416.49  351.32  933.70  238.35  792.68  226.00  850.20  398.83  272.63  578.72  948.03  306.78  724.87  718.51  529.30
