  674.86  695.87  497.21  199.83  980.28  902.85  890.95  267.80  480.21  325.53  126.25  448.33  899.99  680.85  407.05  187.82  123.11  793.18  442.26  816.53  745.23  766.50  580.96  964.33  760.20  280.26  631.02  201.85  783.31  412.00  326.14  955.22  490.83  298.13  343.95  914.37  812.74  898.21  744.68  267.78
  140.82  781.49  718.26  119.99  551.54  910.24  658.44  549.87  877.59  560.59  821.67  181.80  750.98  639.95  530.31  884.33  117.56  466.59  188.88  343.47  731.65  660.71  456.72  423.91  627.56  234.37  206.24  847.15  415.82  889.48  731.32  244.52  986.55  569.64  987.77  236.13  496.40  308.63  728.86  767.57
  904.22  119.80  595.05  305.44  149.50  802.13  898.26  123.41  192.18  579.78  404.04  578.23  796.07  488.39  740.97  431.99  399.29  806.75  644.34  894.36  115.31  982.76  119.65  422.71  309.01  798.39  210.48  965.23  974.41  452.36  344.45  571.29  210.31  710.17  219.54  138.41  982.51  587.40  164.10  392.16
  225.52  315.51  949.17  605.96  409.25  398.46  102.68  281.08  308.69  213.64  560.64  892.30  227.31  107.28  755.14  685.19  173.02  226.34  499.58  356.61  942.49  827.40  933.30  398.37  991.69  755.41  378.62  115.92  862.98  398.08  130.65  592.21  279.60  434.98  580.12  744.84  122.18  413.89  765.91  529.44
  624.91  220.03  880.35  676.42  174.63  684.48  547.55  859.59  404.19  457.71  870.54  470.28  255.45  513.14  635.87  459.70  606.55  908.43  505.98  921.78  995.56  389.46  839.92  607.50  224.98  940.90  236.34  378.82  632.08  772.00  583.38  546.24  403.38  172.55  749.63  805.95  932.96  752.44  635.90  327.29
  417.97  750.76  913.19  967.68  249.04  388.20  432.93  540.16  266.24  638.10  826.01  597.18  287.06  986.92  171.55  366.22  603.41  899.39  409.71  620.74  903.65  257.03  181.31  519.51  455.04  577.72  987.01  292.59  262.91  870.50  530.42  633.51  103.51  289.12  733.82  349.92  840.50  803.73  758.65  778.16
  850.96  860.73  974.59  907.40  643.25  507.39  236.33  901.61  275.60  642.17  339.25  852.68  550.06  390.93  814.05  216.85  777.66  191.60  811.64  823.41  955.71  636.75  744.63  814.44  938.85  567.43  988.74  658.47  865.64  581.87  961.35  154.83  976.96  873.96  859.52  887.44  942.85  929.95  160.78  726.64
  831.62  429.49  532.94  575.03  787.78  560.19  697.93  514.43  796.23  184.22  744.64  341.66  130.06  703.06  694.54  966.83  336.40  858.59  903.51  896.60  714.31  538.93  951.84  872.74  813.81  673.67  502.23  724.71  674.15  806.33  334.48  537.71  408.24  674.09  761.64  159.39  862.15  672.45  756.53  336.73
  386.45  591.25  707.42  108.21  216.02  406.60  672.42  815.90  856.77  130.13  296.36  194.39  897.08  962.94  205.90  189.49  844.86  274.48  894.19  201.20  864.27  119.37  781.49  137.21  350.87  939.79  100.84  525.44  367.19  240.14  473.69  879.32  702.24  573.20  800.78  818.25  246.41  357.09  486.16  706.19
  772.29  987.25  905.64  328.44  378.47  859.43  406.13  482.42  994.18  814.66  549.21  794.50  857.75  320.90  664.62  568.30  601.00  693.35  407.76  421.83  214.27  440.07  971.48  945.80  729.30  777.65  682.41  460.64  904.45  842.93  310.61  957.29  769.40  280.61  330.17  855.74  273.94  154.51  980.85  639.73
  302.62  328.23  890.27  264.89  762.07  535.95  718.15  990.32  317.68  594.71  633.51  935.48  341.80  410.52  840.05  940.36  923.27  578.81  219.06  141.23  281.65  312.60  124.75  552.10  838.69  516.64  442.43  461.09  390.79  322.75  703.48  234.76  218.49  845.12  724.58  623.16  449.94  434.12  856.73  181.55
  780.24  825.47  168.85  822.77  507.12  679.58  830.48  893.58  762.82  560.04  411.85  581.74  870.90  249.47  812.23  379.34  966.70  170.98  715.70  643.73  214.79  727.65  856.26  323.34  541.71  969.00  272.60  563.88  595.08  702.69  439.22  869.64  957.88  540.52  987.76  587.35  904.07  623.81  738.73  281.56
  511.86  735.03  355.86  477.42  971.17  321.64  945.49  790.68  462.28  885.52  201.17  101.64  713.48  634.73  693.08  360.55  183.36  367.71  907.27  716.77  190.76  201.25  333.15  158.84  372.98  802.63  671.98  864.06  569.69  344.02  541.25  101.03  750.37  928.22  496.15  693.63  220.23  439.57  539.77  858.09
  569.14  736.95  812.05  814.37  197.66  932.07  689.28  352.01  676.77  291.58  197.98  224.17  662.77  923.43  790.05  488.89  807.26  832.72  439.96  465.44  577.42  566.43  153.37  735.71  470.57  180.32  163.28  962.71  486.34  273.76  221.25  782.37  343.22  682.45  946.67  598.65  405.96  633.80  858.16  981.88
  235.34  651.65  584.52  135.11  220.86  738.07  916.42  185.80  397.51  767.54  408.53  270.59  412.17  489.93  114.96  859.34  441.71  573.75  715.07  302.98  998.63  376.67  713.27  124.12  322.33  498.93  493.60  771.79  697.02  508.69  352.61  364.78  427.42  559.65  794.85  730.07  202.42  527.60  465.97  492.95
  733.13  853.42  892.59  234.15  532.74  858.83  737.07  688.11  627.64  127.28  997.49  804.73  883.90  197.60  762.02  195.49  517.10  186.42  711.17  307.35  158.49  608.91  587.60  533.74  999.25  398.22  177.20  429.43  710.94  257.75  563.08  989.91  241.02  294.36  774.75  206.49  685.03  798.26  656.85  568.58
  539.50  284.32  573.32  542.22  303.37  871.93  367.29  579.41  201.38  896.19  930.59  653.03  410.34  721.13  512.74  290.03  848.41  106.24  710.48  373.65  121.43  835.14  771.23  990.78  446.67  190.59  749.58  385.01  589.88  357.13  218.95  785.91  151.26  913.49  577.88  272.94  184.00  355.09  179.99  344.81
  811.00  186.34  509.27  125.01  354.34  678.77  459.21  709.09  404.97  516.54  903.02  401.22  925.52  167.61  240.94  806.02  276.56  331.88  977.20  438.36  420.14  659.12  688.38  247.60  176.40  351.36  233.60  837.85  637.06  747.26  856.08  819.75  804.02  556.18  236.99  359.27  327.59  340.50  447.42  975.13
  937.08  637.22  949.02  516.94  182.35  789.78  870.31  587.73  605.99  906.82  793.86  845.63  162.25  110.65  956.42  342.37  918.05  583.52  925.40  860.56  227.49  958.99  710.72  566.25  356.93  314.38  768.16  152.11  206.79  318.10  821.70  913.11  848.34  856.39  655.97  473.95  460.96  746.48  293.26  326.47
  822.26  177.91  204.05  139.70  666.18  377.93  370.89  149.05  353.26  998.61  624.60  857.24  428.35  617.86  807.31  220.35  773.62  368.42  819.86  389.37  530.30  647.15  806.67  894.81  909.70  915.95  578.72  175.53  450.48  563.61  222.54  917.41  235.21  117.37  234.71  202.05  132.95  111.45  725.89  646.00
  883.41  860.01  256.53  231.02  213.24  267.41  821.37  722.02  945.80  566.31  643.47  883.86  128.91  782.68  880.26  601.71  898.92  414.77  152.07  277.70  381.46  712.39  990.64  915.92  371.71  255.02  239.67  440.96  103.94  657.76  349.41  151.57  695.92  909.38  968.50  435.95  747.50  763.27  902.79  356.58
  951.93  558.47  784.37  501.53  257.54  469.25  748.56  647.21  468.50  466.52  238.35  589.02  844.92  677.64  523.74  191.94  733.21  156.03  603.83  431.82  645.93  724.87  461.55  292.53  515.60  735.27  950.34  281.53  351.32  510.97  348.80  226.00  106.18  398.83  243.67  355.61  329.52  964.57  759.75  565.49
  967.08  612.86  490.50  696.59  801.08  388.45  314.93  521.22  933.70  297.65  349.09  306.78  904.62  849.49  604.35  464.72  718.51  654.42  529.30  229.27  416.49  948.03  712.08  345.09  773.16  517.05  711.93  942.19  433.77  611.35  369.66  635.34  916.42  939.59  635.90  137.03  792.68  539.42  217.53  903.16
  430.97  969.56  235.05  721.26  272.63  556.41  178.59  481.59  850.20  630.12  584.31  721.61  271.84  937.05  739.69  876.56  395.05  991.50  703.62  523.89  372.07  230.82  315.33  905.08  646.51  931.09  234.48  159.82  629.07  328.33  456.10  365.83  494.77  390.74  102.38  413.81  832.54  240.26  671.64  490.06
  227.72  349.39  194.01  190.31  260.02  791.94  707.32  958.21  820.52  411.98  745.95  486.41  460.59  624.05  721.82  340.42  942.28  924.10  949.86  752.12  150.19  159.42  204.89  336.19  118.85  806.67  976.23  548.74  623.57  268.01  729.78  570.75  563.18  633.70  455.54  281.65  896.60  860.15  945.01  722.07
  319.96  241.84  565.73  536.59  148.54  650.42  505.04  722.04  241.81  726.07  863.15  561.46  617.66  118.51  287.23  146.92  523.19  109.56  216.94  909.87  309.14  286.71  872.62  552.65  153.56  281.25  243.73  444.56  626.66  250.27  123.96  257.61  885.84  107.90  232.50  370.82  335.65  613.76  375.18  537.73
  808.30  479.08  680.86  238.18  787.17  797.71  661.35  807.07  676.98  273.39  683.15  756.26  777.27  902.75  475.80  841.72  743.14  525.80  221.81  916.28  695.72  365.48  474.26  129.01  627.12  748.98  538.05  292.47  423.77  165.08  776.33  423.95  708.75  453.76  474.91  481.86  442.28  173.28  196.53  178.48
  511.30  197.34  784.52  607.54  406.29  256.67  510.63  403.32  712.97  476.08  853.67  784.51  843.98  911.67  565.02  639.16  884.63  278.04  780.86  541.55  204.84  405.76  915.05  768.51  777.67  249.73  925.32  920.93  914.22  422.52  170.12  204.60  924.15  257.91  250.95  176.09  717.85  632.27  553.28  983.90
  201.00  127.84  786.97  835.18  669.70  232.93  321.10  904.85  870.63  834.08  706.00  926.74  982.28  172.04  205.06  363.76  327.07  443.29  421.80  186.84  559.30  355.97  338.89  279.36  619.22  880.07  982.16  783.59  594.51  944.57  500.29  426.70  372.13  943.93  717.85  457.87  442.14  195.22  838.96  900.21
  950.95  264.28  985.01  932.98  980.71  390.28  581.43  438.04  276.34  143.22  998.52  185.67  141.50  617.91  163.94  639.64  428.57  374.06  950.58  607.19  109.07  613.03  165.56  495.80  180.45  142.28  169.45  223.17  859.33  159.04  923.76  899.60  621.65  138.29  260.86  595.83  180.19  494.72  582.43  112.70
  292.30  313.48  111.08  715.53  840.22  778.33  433.42  256.57  681.87  733.53  823.94  520.88  152.59  895.45  667.57  587.41  259.88  940.91  271.82  760.53  871.10  169.61  184.77  620.34  109.36  629.12  572.96  623.33  457.04  523.21  177.59  838.48  823.80  574.71  538.66  170.62  793.21  608.38  802.80  264.80
  402.72  832.02  315.13  121.02  399.04  570.44  127.64  939.01  187.77  804.63  445.45  484.38  781.09  671.83  592.02  272.66  978.63  787.44  891.79  980.00  517.14  868.73  390.82  100.99  418.19  803.85  725.00  152.40  710.62  189.52  387.65  241.92  632.09  599.00  255.37  107.31  423.80  794.10  839.53  279.42
  509.03  509.22  321.05  533.21  175.32  571.99  615.11  488.55  176.84  852.89  569.67  897.72  318.85  671.01  368.18  792.26  360.33  799.25  219.84  324.20  637.61  373.06  938.57  948.72  553.83  114.83  204.25  820.92  855.31  279.34  917.17  602.05  123.20  376.13  654.58  471.18  186.47  587.62  481.99  522.25
  365.17  199.07  434.74  794.33  915.87  901.33  885.60  129.19  329.86  952.83  602.18  221.44  867.40  935.62  630.16  108.14  481.60  765.32  974.58  975.39  657.36  119.52  466.01  192.09  690.84  579.25  207.28  590.45  628.58  663.30  611.65  120.55  132.68  820.81  185.90  916.81  569.23  996.21  382.31  779.38
  221.80  437.51  496.21  150.05  201.40  775.95  762.65  713.17  951.68  326.14  808.41  632.96  760.50  622.27  435.36  682.57  757.41  653.99  102.95  552.92  667.33  576.85  482.69  368.58  794.41  410.88  320.12  713.21  274.64  193.60  120.26  629.68  544.36  517.03  409.64  520.04  831.37  247.53  312.92  144.44
  410.26  987.16  583.60  510.88  328.54  731.14  932.27  986.81  917.57  154.88  532.80  207.57  289.65  658.10  245.90  123.57  618.41  984.85  840.24  946.45  447.04  856.08  808.52  329.85  967.29  262.02  206.27  465.88  775.81  803.77  893.02  424.83  355.48  509.10  784.20  226.57  618.72  289.15  625.78  164.50
  823.73  744.55  226.91  689.47  503.28  811.61  155.30  675.15  549.26  632.57  841.94  115.68  595.93  763.84  917.70  637.29  694.94  933.20  144.91  443.07  717.69  684.73  700.15  906.02  579.03  677.08  972.79  420.43  666.19  536.20  479.45  572.90  962.13  626.19  939.43  478.41  187.70  603.76  254.46  300.73
  300.41  669.48  212.12  241.85  347.22  349.89  173.72  303.81  740.58  706.64  898.83  717.27  315.50  902.12  484.52  343.12  734.26  249.41  869.18  790.01  865.95  204.50  599.18  908.18  367.44  417.75  662.00  722.81  917.36  384.36  917.15  270.36  603.78  616.59  814.47  180.02  484.58  447.48  734.82  778.69
  476.18  969.63  655.61  927.37  601.61  632.93  174.05  679.94  571.21  822.41  836.44  953.07  196.82  901.39  180.04  944.25  983.22  808.70  278.40  341.38  157.40  485.22  543.07  727.98  312.30  684.50  983.76  552.49  784.31  567.83  955.82  708.83  800.67  945.67  274.89  376.57  717.95  993.57  989.34  691.68
  337.04  877.82  109.90  588.88  259.84  713.63  850.54  592.49  506.71  693.81  784.06  903.29  309.77  207.84  721.77  141.72  589.26  717.38  737.50  154.57  126.37  579.50  417.83  936.11  102.69  739.08  895.91  940.15  245.79  105.61  557.38  410.60  344.51  923.38  249.72  902.38  997.65  394.14  482.91  796.48
