  272.39  377.89  161.83  755.43  720.91  213.87  956.28  777.49  775.18  200.20  553.17  732.43  345.80  689.01  551.68  525.38  985.01  473.55  479.56  394.58  880.64  276.96  138.78  765.69  860.79  225.91  195.47  260.62  491.39  137.57  729.03  841.30  663.77  722.07  881.79  313.11  421.79  548.15  503.66  352.72  453.30  225.92  737.75  803.79  176.83  438.64  745.23  580.96  430.54  827.40
  766.50  842.85  463.76  695.87  551.39  881.73  902.85  413.86  964.33  934.52  852.76  199.83  676.04  955.22  343.95  415.82  126.25  530.75  890.95  942.49  631.02  477.59  919.06  308.63  760.20  877.59  187.82  206.24  955.22  750.98  140.82  611.87  123.11  899.99  119.99  783.31  256.11  301.66  680.85  980.28  220.61  442.26  325.53  781.49  423.91  448.33  639.95  957.13  816.53  910.24
  551.54  326.14  308.69  267.78  898.21  188.88  793.18  234.37  490.83  569.64  728.86  549.87  407.05  632.55  578.23  201.85  660.71  627.56  530.31  821.67  974.41  305.44  744.68  466.59  898.26  658.44  987.77  456.72  718.26  674.86  280.26  419.35  343.47  731.65  398.08  731.32  579.78  884.33  298.13  624.91  644.34  847.15  480.21  595.05  119.80  412.00  220.03  802.13  986.55  571.29
  219.54  685.19  344.45  496.40  560.59  404.04  607.50  236.13  798.39  123.41  149.50  173.02  497.21  115.31  210.48  117.56  225.52  806.75  904.22  740.97  399.29  965.23  914.37  452.36  244.52  181.80  122.18  459.70  710.17  894.36  850.96  119.65  870.54  767.57  812.74  422.71  431.99  226.34  227.31  560.64  982.76  192.18  933.30  267.80  605.96  356.61  351.59  488.39  138.41  255.45
  755.14  755.41  862.98  592.21  434.98  398.46  580.12  684.48  982.51  279.60  889.48  811.64  409.25  635.87  210.31  102.68  315.51  513.14  309.01  457.71  417.97  880.35  174.63  587.40  115.92  676.42  398.37  529.44  392.16  859.59  546.24  908.43  130.65  505.98  976.96  932.96  991.69  470.28  987.01  606.55  796.07  164.10  349.92  107.28  750.76  378.62  664.62  583.38  289.12  995.56
  879.32  404.19  940.90  839.92  514.43  403.38  378.82  455.04  986.92  803.73  389.46  903.65  749.63  967.68  949.17  567.43  249.04  499.58  603.41  171.55  327.29  577.72  826.01  432.93  765.91  597.18  778.16  921.78  752.44  633.51  388.20  366.22  805.95  814.05  240.14  213.64  257.03  840.50  901.61  635.90  632.08  262.91  103.51  224.98  532.94  547.55  733.82  281.08  172.55  409.71
  620.74  236.33  907.40  870.50  772.00  899.39  852.68  643.25  726.64  974.59  266.24  971.48  913.19  159.39  935.48  758.65  216.85  814.44  961.35  339.25  636.75  550.06  638.10  674.09  236.34  744.63  581.87  181.31  777.66  507.39  540.16  357.09  519.51  831.62  191.60  413.89  216.02  897.08  796.23  865.64  860.73  905.64  336.40  988.74  658.47  406.60  292.59  575.03  823.41  130.06
  502.23  787.78  703.06  892.30  942.85  896.60  694.54  800.78  184.22  154.83  951.84  429.49  859.52  887.44  872.74  537.71  673.67  560.19  903.51  137.21  296.36  341.66  813.81  214.27  707.42  862.15  130.13  205.90  302.62  744.84  955.71  966.83  756.53  194.39  386.45  744.64  591.25  938.85  724.71  987.25  160.78  858.59  873.96  761.64  780.24  674.15  962.94  336.73  334.48  894.19
  408.24  815.90  806.33  844.86  473.69  530.42  714.31  777.65  246.41  275.60  672.45  274.48  818.25  864.27  482.42  330.17  189.49  119.37  390.93  945.80  350.87  486.16  794.50  702.24  101.64  706.19  762.07  568.30  108.21  859.43  552.10  280.61  378.47  929.95  672.42  980.85  573.20  855.74  320.90  367.19  249.47  525.44  328.44  601.00  939.79  421.83  538.93  460.64  287.06  966.70
  772.29  407.76  406.13  623.16  642.17  100.84  814.66  341.80  838.69  718.15  994.18  639.73  461.09  141.23  856.77  170.98  781.49  549.21  840.05  281.65  904.45  201.20  440.07  940.36  990.32  154.51  312.60  682.41  971.17  729.30  693.35  535.95  594.71  633.51  830.48  273.94  762.82  769.40  735.71  158.84  317.68  219.06  442.43  969.00  923.27  234.76  724.58  703.48  856.73  410.52
  322.75  411.85  727.65  541.71  516.64  697.93  643.73  890.27  812.23  870.90  842.93  845.12  893.58  462.28  679.58  449.94  379.34  310.61  181.55  713.48  323.34  489.93  857.75  735.03  738.73  272.60  218.49  633.80  496.15  581.74  578.81  569.14  168.85  702.69  957.88  390.79  825.47  507.12  281.56  439.22  928.22  434.12  856.26  477.42  814.37  634.73  822.77  858.16  405.96  904.07
  864.06  715.70  511.86  885.52  807.26  197.98  560.04  987.76  587.35  945.49  344.02  328.23  584.52  750.37  563.88  569.69  802.63  214.79  693.08  790.68  220.23  333.15  190.76  539.77  869.64  486.34  716.77  932.07  101.03  264.89  957.29  360.55  595.08  907.27  183.36  540.52  352.01  713.27  676.77  623.81  439.57  321.64  563.08  234.15  163.28  465.44  832.72  693.63  566.43  790.05
  541.25  465.97  736.95  367.71  493.60  343.22  439.96  923.43  858.09  221.25  291.58  201.17  488.89  981.88  201.25  273.76  916.42  153.37  124.75  859.34  715.07  397.51  812.05  671.98  470.57  962.71  689.28  767.54  372.98  883.90  197.60  598.65  302.98  224.17  220.86  653.03  355.86  568.58  782.37  946.67  441.71  573.75  177.20  682.45  376.67  697.02  627.64  197.66  913.49  662.77
  190.59  804.73  135.11  651.65  270.59  114.96  730.07  180.32  892.59  427.42  235.34  527.60  185.80  997.49  608.91  498.93  998.63  762.02  738.07  186.42  853.42  364.78  794.85  774.75  688.11  508.69  733.13  737.07  710.48  124.12  307.35  202.42  930.59  412.17  710.94  186.34  206.49  257.75  408.53  516.94  587.60  532.74  656.85  492.95  127.28  367.29  999.25  460.96  771.79  512.74
  201.38  871.93  533.74  241.02  429.43  290.03  195.49  573.32  322.33  517.10  806.02  158.49  811.00  647.15  589.88  284.32  410.34  151.26  352.61  577.42  303.37  848.41  785.91  106.24  721.13  398.22  857.24  125.01  771.23  446.67  539.50  896.19  579.41  357.13  373.65  856.08  218.95  989.91  294.36  749.58  637.06  121.43  354.34  516.54  272.94  870.31  990.78  837.85  605.99  509.27
  344.81  688.38  798.26  184.00  768.16  206.79  542.22  438.36  385.01  404.97  530.30  182.35  420.14  577.88  659.12  401.22  637.22  233.60  179.99  176.40  747.26  566.25  326.47  956.42  559.65  789.78  247.60  459.21  793.86  949.02  359.27  331.88  340.50  958.99  913.11  709.09  685.03  327.59  314.38  293.26  678.77  624.60  858.83  276.56  342.37  583.52  318.10  473.95  355.09  356.93
  856.39  845.63  234.71  617.86  110.65  236.99  822.26  587.73  925.40  711.17  746.48  835.14  710.72  990.64  977.20  368.42  204.05  925.52  566.31  819.75  860.01  240.94  152.11  167.61  377.93  139.70  748.56  231.02  578.72  773.62  151.57  381.46  937.08  177.91  563.61  909.70  918.05  149.05  353.26  646.00  975.13  666.18  257.54  806.67  655.97  152.07  807.31  763.27  132.95  894.81
  819.86  712.39  821.70  915.95  915.92  898.92  722.02  222.54  220.35  117.37  175.53  998.61  490.50  880.26  428.35  804.02  235.21  371.71  677.64  389.37  523.74  351.36  906.82  103.94  202.05  521.22  903.02  239.67  883.86  782.68  556.18  111.45  411.98  657.76  255.02  917.41  481.59  733.21  643.47  968.50  447.42  162.25  725.89  243.67  747.50  191.94  156.03  883.41  601.71  450.48
  297.65  848.34  370.89  256.53  589.02  603.83  647.21  909.38  784.37  277.70  227.49  349.41  440.96  801.08  967.08  703.62  414.77  844.92  558.47  501.53  435.95  696.59  238.35  735.27  469.25  515.60  604.35  849.49  106.18  395.05  821.37  945.80  724.87  461.55  466.52  792.68  565.49  431.82  490.06  556.41  933.70  695.92  229.27  190.31  398.83  718.51  791.94  226.00  635.34  329.52
  355.61  645.93  369.66  654.42  539.42  267.41  902.79  281.53  388.45  612.86  860.56  510.97  464.72  759.75  292.53  773.16  345.09  850.20  529.30  711.93  517.05  721.61  272.63  916.42  314.93  356.58  991.50  213.24  712.08  942.19  523.89  235.05  230.82  931.09  635.90  349.09  903.16  904.62  646.51  372.07  969.56  348.80  721.26  150.19  468.50  416.49  964.57  271.84  390.74  905.08
  832.54  611.35  430.97  240.26  159.42  951.93  328.33  937.05  707.32  137.03  629.07  486.41  227.72  102.38  950.34  958.21  204.89  306.78  939.59  494.77  456.10  365.83  315.33  624.05  860.15  630.12  743.14  563.18  413.81  945.01  721.82  460.59  256.67  433.77  942.28  335.65  623.57  238.18  924.10  752.12  217.53  340.42  976.23  584.31  948.03  260.02  797.71  178.59  548.74  739.69
  336.19  570.75  909.87  896.60  479.08  505.04  722.04  178.48  650.42  820.52  351.32  613.76  165.08  319.96  745.95  565.73  287.23  944.57  695.72  159.82  146.92  241.84  722.07  561.46  500.29  455.54  729.78  807.07  536.59  776.33  777.27  250.27  523.19  153.56  109.56  671.64  128.91  808.30  552.65  197.34  194.01  107.90  257.61  872.62  349.39  118.51  627.12  626.66  885.84  123.96
  375.18  806.67  904.85  201.00  639.16  633.70  232.50  268.01  683.15  370.82  786.97  216.94  221.81  661.35  748.98  281.65  241.81  676.98  841.72  234.48  902.75  537.73  281.25  756.26  520.88  863.15  510.63  292.47  784.51  916.28  680.86  232.93  423.95  365.48  273.39  453.76  444.56  708.75  726.07  525.80  129.01  475.80  148.54  173.28  617.66  474.26  442.28  196.53  443.29  204.60
  403.32  876.56  321.10  309.14  925.32  481.86  784.52  327.07  474.91  632.27  511.30  920.93  915.05  565.02  243.73  423.77  777.67  781.09  177.59  421.80  249.73  619.22  669.70  998.52  118.85  278.04  780.86  924.15  983.90  914.22  428.57  422.52  176.09  581.43  949.86  286.71  870.63  712.97  607.54  835.18  538.05  476.08  541.55  706.00  363.76  204.84  843.98  594.51  926.74  717.85
  111.08  257.91  871.10  172.04  205.06  982.16  127.84  639.64  884.63  338.89  911.67  982.28  372.13  950.95  880.07  943.93  932.98  980.71  163.94  279.36  355.97  169.61  374.06  264.28  559.30  834.08  900.21  143.22  853.67  159.04  840.22  595.83  457.87  405.76  553.28  141.50  607.19  613.03  617.91  787.44  186.84  442.14  832.02  899.60  621.65  620.34  792.26  169.45  390.28  180.19
  292.30  950.58  438.04  495.80  768.51  823.94  787.17  165.56  142.28  313.48  426.70  985.01  180.45  271.82  582.43  185.67  109.07  838.96  373.06  195.22  259.88  276.34  184.77  629.12  553.83  523.21  859.33  760.53  324.20  109.36  715.53  783.59  494.72  923.76  717.85  980.00  681.87  250.95  189.52  608.38  803.85  778.33  592.02  152.59  667.57  974.58  978.63  484.38  733.53  170.12
  112.70  710.62  187.77  838.48  152.40  538.66  587.41  457.04  260.86  390.82  138.29  599.00  632.09  804.63  572.96  940.91  402.72  533.21  671.83  802.80  399.04  725.00  315.13  868.73  433.42  895.45  256.57  279.42  823.80  418.19  839.53  264.80  975.39  170.62  445.45  570.44  948.72  223.17  406.29  368.18  121.02  127.64  123.20  312.92  509.03  272.66  509.22  360.33  488.55  793.21
  891.79  318.85  794.33  671.01  176.84  932.27  387.65  107.31  204.25  571.99  579.25  100.99  114.83  799.25  897.72  365.17  321.05  852.89  423.80  241.92  794.10  938.57  823.73  129.19  939.01  996.21  855.31  471.18  150.05  587.62  611.65  615.11  199.07  885.60  517.14  917.17  185.90  522.25  496.21  221.44  779.38  602.18  481.60  901.33  915.87  765.32  574.71  637.61  623.33  119.52
  219.84  682.57  108.14  790.01  221.80  569.23  326.14  952.83  820.92  376.13  867.40  434.74  654.58  207.28  517.03  690.84  175.32  186.47  916.81  820.81  132.68  481.99  424.83  951.68  102.95  466.01  775.95  192.09  760.50  808.41  201.40  618.72  437.51  329.86  382.31  279.34  569.67  657.36  628.58  120.26  583.60  630.16  435.36  986.81  247.53  602.05  544.36  794.41  762.65  856.08
  193.60  410.26  576.85  731.14  255.37  245.90  933.20  552.92  520.04  510.88  984.85  917.70  289.65  447.04  410.88  803.77  409.64  123.57  653.99  329.85  622.27  320.12  713.21  120.55  355.48  368.58  840.24  775.81  503.28  207.57  509.10  465.88  917.15  987.16  831.37  675.15  663.30  808.52  300.41  967.29  667.33  262.02  658.10  917.57  595.93  629.68  784.20  632.57  226.57  713.17
  226.91  666.19  349.89  763.84  962.13  893.02  935.62  603.76  572.90  618.41  579.03  155.30  632.96  706.36  417.75  532.80  482.69  206.27  625.78  180.02  757.41  164.50  677.08  865.95  590.45  549.26  479.45  939.43  303.81  115.68  154.88  693.81  443.07  946.45  603.78  478.41  734.82  144.44  717.27  254.46  626.19  588.88  662.00  300.73  972.79  289.15  328.54  689.47  722.81  727.98
  571.21  706.64  822.41  717.69  173.72  144.91  187.70  953.07  808.70  734.26  599.18  384.36  274.64  347.22  669.48  740.58  684.50  713.63  484.58  212.12  315.50  241.85  655.61  343.12  917.36  906.02  841.94  420.43  700.15  109.90  898.83  270.36  157.40  902.12  174.05  679.94  476.18  901.39  969.63  484.52  567.83  869.18  684.73  312.30  180.04  893.77  543.07  589.26  367.44  637.29
  936.11  778.69  744.55  204.50  616.59  814.47  800.67  485.22  970.66  196.82  552.49  102.69  632.93  941.86  309.77  944.25  796.48  877.82  259.84  717.95  341.38  927.37  989.34  908.18  784.31  410.60  601.61  592.49  850.54  482.91  347.28  116.99  207.84  384.29  447.48  536.20  278.40  836.44  212.96  811.61  376.57  983.22  247.54  993.57  154.57  249.41  126.37  105.61  195.30  784.06
  691.68  903.29  337.04  506.71  694.94  245.79  895.91  557.38  141.72  320.94  955.82  945.67  286.40  737.50  708.83  249.72  902.38  921.92  430.19  394.14  534.86  339.19  429.17  999.16  417.83  483.59  579.50  923.38  791.16  344.51  348.22  344.74  415.52  625.38  924.55  798.44  947.48  939.60  877.73  274.89  230.37  940.15  514.31  997.65  462.18  717.38  433.42  800.31  692.61  755.90
  615.36  965.35  749.25  571.13  867.28  171.79  983.76  392.67  303.74  344.57  295.34  606.45  108.74  739.08  709.62  299.07  673.70  936.59  442.95  552.64  739.04  545.13  721.93  482.63  204.79  577.40  249.32  534.08  521.87  539.60  251.54  305.10  400.55  698.93  575.16  537.83  589.30  839.66  893.38  283.82  960.27  247.36  414.89  678.80  600.89  774.95  852.14  400.13  401.38  213.70
  715.57  191.71  756.06  744.38  197.50  554.45  699.54  869.69  677.69  760.93  565.33  322.78  484.34  851.07  491.83  612.92  987.31  560.56  901.72  749.22  383.54  394.36  830.19  386.31  977.25  772.98  866.49  654.06  721.77  812.16  228.18  940.12  809.49  980.00  638.31  284.92  899.77  625.26  513.39  881.47  948.66  319.90  750.17  628.42  688.98  717.65  360.44  731.83  314.20  519.63
  907.09  829.37  735.52  157.74  216.01  612.90  358.48  755.34  369.69  278.75  267.17  634.54  668.01  946.75  474.33  863.74  900.96  936.64  281.25  966.11  707.77  675.58  574.00  622.83  941.54  858.22  545.09  205.75  312.92  290.11  375.06  927.49  996.17  995.64  933.35  382.52  718.36  678.64  744.47  548.97  326.47  519.55  296.15  387.64  545.38  639.11  540.58  924.15  777.85  784.21
  779.91  964.57  574.43  236.42  568.18  600.93  567.90  554.65  119.83  996.22  418.76  362.64  485.41  822.16  824.97  258.84  192.13  270.17  619.44  569.57  434.71  329.72  579.69  353.02  595.93  371.81  857.34  537.67  427.67  476.75  981.54  302.48  768.47  162.17  368.79  495.39  123.59  538.42  553.13  257.14  349.82  956.78  881.04  918.03  170.78  888.91  292.23  516.50  477.89  779.60
  489.78  893.56  908.85  604.49  834.13  738.87  310.37  859.75  342.62  310.34  881.89  434.66  954.74  143.76  492.69  471.02  967.09  685.92  603.11  154.74  683.26  944.74  519.45  264.92  216.00  608.32  955.40  795.26  314.38  144.71  751.61  960.96  164.78  518.75  643.30  593.96  208.90  386.30  299.73  908.96  996.52  215.18  466.80  402.47  405.97  819.42  284.87  846.91  376.74  567.08
  361.97  144.29  811.34  898.42  644.65  964.79  993.27  185.85  961.25  496.85  526.73  694.79  351.01  689.31  480.78  302.57  784.39  788.21  347.71  515.08  818.86  409.77  947.18  251.80  826.04  330.81  423.98  370.17  780.36  875.62  886.26  899.91  860.04  951.84  305.57  723.11  935.89  853.78  145.25  472.72  417.90  456.61  440.31  316.35  821.63  705.76  391.55  748.85  885.73  186.92
  624.20  756.57  556.11  129.44  606.46  939.98  238.28  235.12  756.88  318.36  304.58  386.81  701.22  636.12  391.22  994.87  901.98  634.37  209.40  459.69  346.93  275.88  111.62  914.09  100.16  893.28  223.71  954.72  276.59  530.47  392.34  731.58  102.31  313.55  101.71  798.56  278.74  356.78  529.10  248.22  903.06  873.16  586.62  535.89  296.94  255.43  800.92  323.71  594.17  545.33
  324.99  720.84  181.81  335.48  738.65  258.26  381.92  942.33  948.63  466.34  884.90  450.29  584.12  909.92  339.01  201.66  809.02  556.86  841.22  384.59  850.97  612.07  102.40  537.51  743.99  502.34  288.67  723.56  829.81  639.90  442.00  654.75  617.29  641.76  201.43  915.26  978.35  453.26  260.39  463.00  355.59  702.06  269.13  198.92  624.20  185.46  432.18  594.54  699.27  896.56
  308.93  311.80  784.77  805.12  328.42  763.25  418.21  708.77  712.00  592.35  446.87  283.15  356.68  279.81  673.37  496.71  802.25  664.94  974.74  613.18  299.07  725.11  284.87  917.59  944.96  318.53  286.20  176.25  408.88  585.30  559.05  447.83  629.74  908.60  822.04  907.44  466.93  900.43  663.59  138.94  873.63  549.68  333.25  610.59  925.96  983.10  259.84  978.86  571.94  407.89
  962.60  463.06  711.21  490.35  750.96  108.87  237.26  348.81  446.50  702.30  732.56  285.77  894.22  417.30  653.94  101.48  117.86  835.42  782.52  368.39  356.82  981.14  853.70  957.36  359.53  862.40  778.06  785.53  987.04  396.90  594.06  675.30  539.90  421.96  616.16  710.09  124.78  542.80  149.16  844.21  464.10  235.32  601.76  121.07  729.30  845.50  401.38  346.92  162.39  738.25
  154.22  868.66  199.33  605.65  974.62  843.01  590.25  466.97  680.07  479.88  554.47  851.91  266.88  296.73  850.19  936.59  261.43  917.89  523.70  812.78  321.57  123.45  989.29  973.45  149.04  280.38  672.41  127.96  208.87  275.56  514.75  338.20  490.02  155.51  103.61  195.44  283.36  308.84  839.41  576.67  674.69  251.07  459.50  186.82  749.18  560.84  460.19  939.26  475.41  404.34
  273.36  992.49  783.93  972.09  367.68  109.43  460.05  784.33  834.96  701.16  800.25  883.22  572.96  256.83  646.79  125.05  907.69  486.71  609.96  810.26  318.20  728.60  712.24  318.93  408.05  286.70  597.97  536.18  642.57  905.17  983.15  100.23  216.63  322.66  763.44  968.74  448.18  322.76  573.77  426.87  997.74  506.18  995.54  935.13  590.33  865.99  587.26  751.26  428.62  304.02
  620.50  313.41  220.12  577.63  224.57  201.76  775.15  376.50  413.10  625.22  321.58  867.10  940.29  407.04  469.64  364.60  613.70  918.68  276.77  795.65  929.99  565.51  371.38  246.26  185.94  584.13  934.33  746.18  706.12  892.78  634.50  183.57  534.64  533.43  925.98  869.12  699.76  510.70  595.54  533.20  770.07  604.57  654.69  843.84  198.44  389.41  179.40  825.91  311.06  393.86
  954.11  807.00  651.13  845.62  165.96  157.54  516.25  571.05  122.16  191.87  804.11  410.66  229.96  827.55  896.32  664.24  353.16  815.24  226.70  881.29  871.17  291.21  206.95  845.72  613.83  447.72  931.11  195.79  207.63  750.14  437.82  571.04  736.86  894.85  984.40  894.04  880.07  755.90  375.47  257.33  804.24  975.35  508.08  840.25  957.11  628.76  140.14  424.58  803.68  669.17
  769.75  207.67  941.70  466.58  723.59  510.29  476.38  854.45  674.73  527.75  495.11  710.01  271.33  653.33  392.84  220.46  684.87  929.43  154.24  184.85  556.99  791.40  360.55  692.15  511.60  147.58  670.05  785.61  811.22  337.19  753.10  983.16  934.53  370.62  683.45  473.41  578.87  602.07  552.45  687.10  722.73  920.78  334.75  586.08  272.24  488.48  273.63  539.01  167.47  296.78
  584.76  690.24  759.77  322.23  111.68  151.51  777.74  343.16  570.62  463.96  351.45  566.46  914.84  674.72  600.04  574.74  619.96  717.11  581.24  903.02  995.21  157.42  625.05  457.24  632.28  167.45  853.28  742.42  804.40  879.54  631.00  446.47  686.17  663.06  318.56  874.35  954.61  736.79  999.77  615.35  487.84  320.28  150.05  989.44  429.24  606.96  470.04  355.55  797.09  795.15
