  479.56  530.75  755.43  880.64  352.72  860.79  220.61  200.20  256.11  934.52
  732.43  161.83  260.62  419.35  138.78  525.38  881.73  137.57  301.66  345.80
  394.58  351.59  955.22  430.54  676.04  421.79  827.40  225.92  632.55  491.39
  722.07  842.85  453.30  985.01  477.59  580.96  956.28  760.20  503.66  765.69
  877.59  611.87  442.26  695.87  689.01  890.95  272.39  195.47  225.91  745.23
  766.50  325.53  902.85  343.95  781.49  548.15  919.06  729.03  980.28  549.87
  119.99  841.30  497.21  199.83  480.21  201.85  955.22  910.24  448.33  187.82
  816.53  415.82  560.59  553.17  423.91  412.00  267.78  737.75  123.11  680.85
  126.25  639.95  377.89  438.64  578.23  964.33  812.74  551.54  898.21  173.02
  313.11  463.76  627.56  326.14  899.99  731.65  490.83  793.18  407.05  803.79
