  256.11  919.06  345.80  737.75  841.30  200.20  881.79  934.52  827.40  902.85  195.47  745.23  560.59  394.58  842.85  415.82  729.03  549.87  137.57  955.22  860.79  442.26  419.35  877.59  187.82  695.87  453.30  942.49  580.96  220.61  611.87  503.66  632.55  448.33  206.24  631.02  407.05  964.33  326.14  890.95
  497.21  899.99  140.82  674.86  722.07  199.83  308.63  676.04  816.53  766.50  525.38  325.53  680.85  783.31  260.62  760.20  412.00  126.25  803.79  551.54  201.85  173.02  463.76  119.99  308.69  578.23  750.98  490.83  225.91  781.49  280.26  301.66  188.88  718.26  480.21  744.68  812.74  234.37  181.80  627.56
  123.11  974.41  438.64  914.37  955.22  267.80  305.44  986.55  987.77  398.08  569.64  343.47  898.21  392.16  740.97  466.59  219.54  731.32  344.45  571.29  847.15  910.24  244.52  456.72  644.34  881.73  343.95  579.78  728.86  496.40  298.13  624.91  884.33  210.31  802.13  658.44  236.13  220.03  982.51  595.05
  138.41  793.18  404.04  894.36  119.80  117.56  210.48  192.18  122.18  255.45  767.57  731.65  356.61  313.11  431.99  639.95  798.39  796.07  949.17  904.22  164.10  530.31  423.91  281.08  660.71  580.12  982.76  115.31  225.52  488.39  889.48  605.96  514.43  149.50  965.23  710.17  898.26  226.34  755.41  459.70
  513.14  560.64  607.50  685.19  267.78  933.30  980.28  315.51  452.36  434.98  417.97  880.35  123.41  592.21  398.46  806.75  821.67  130.65  213.64  991.69  378.62  422.71  635.87  811.64  389.46  995.56  413.89  457.71  684.48  505.98  664.62  289.12  892.30  102.68  398.37  986.92  765.91  755.14  749.63  502.23
  750.76  403.38  404.19  606.55  987.01  547.55  870.54  115.92  940.90  862.98  327.29  119.65  577.72  107.28  236.34  632.08  879.32  967.68  249.04  499.58  470.28  409.25  530.42  921.78  224.98  803.73  744.84  227.31  432.93  546.24  287.06  859.59  378.82  676.42  583.38  932.96  266.24  901.61  908.43  814.05
  366.22  540.16  913.19  620.74  772.00  839.92  399.29  805.95  633.51  899.39  758.65  262.91  638.10  976.96  388.20  519.51  603.41  409.71  567.43  171.55  587.40  971.48  752.44  532.94  507.39  236.33  597.18  357.09  181.31  733.82  635.90  643.25  159.39  860.73  840.50  292.59  826.01  240.14  642.17  191.60
  309.01  174.63  550.06  907.40  257.03  103.51  172.55  744.63  216.85  796.23  850.96  658.47  777.66  897.08  429.49  390.93  726.64  406.60  673.67  778.16  154.83  529.44  935.48  636.75  938.85  336.40  455.04  349.92  887.44  581.87  814.44  339.25  813.81  744.64  929.95  905.64  865.64  160.78  823.41  903.51
  697.93  279.60  275.60  862.15  184.22  800.78  302.62  194.39  896.60  724.71  214.27  560.19  130.06  859.52  858.59  955.71  974.59  870.50  408.24  787.78  966.83  672.45  873.96  806.33  694.54  137.21  108.21  674.09  856.77  205.90  872.74  386.45  442.43  942.85  951.84  761.64  575.03  962.94  573.20  473.69
  903.65  537.71  707.42  591.25  100.84  336.73  341.66  945.80  482.42  246.41  988.74  334.48  844.86  119.37  201.20  815.90  367.19  852.68  702.24  894.19  274.48  674.15  780.24  777.65  706.19  552.10  568.30  601.00  189.49  818.25  980.85  328.44  101.64  525.44  350.87  407.76  939.79  693.35  772.29  781.49
  406.13  855.74  341.80  842.93  168.85  296.36  486.16  320.90  538.93  814.66  859.43  987.25  994.18  840.05  682.41  440.07  672.42  729.30  130.13  756.53  421.83  831.62  904.45  794.50  971.17  864.27  322.75  838.69  273.94  957.29  535.95  633.51  961.35  281.65  312.60  890.27  328.23  718.15  249.47  330.17
  560.04  857.75  940.36  966.70  594.71  549.21  317.68  762.82  461.09  769.40  578.81  158.84  310.61  516.64  216.02  714.31  969.00  923.27  449.94  496.15  703.48  411.85  264.89  234.76  713.48  633.80  214.79  845.12  219.06  856.26  738.73  825.47  990.32  141.23  830.48  822.77  715.70  727.65  323.34  563.88
  124.75  280.61  410.52  541.71  856.73  581.74  218.49  869.64  154.51  507.12  434.12  489.93  460.64  390.79  639.73  703.06  735.03  864.06  477.42  693.08  945.49  724.58  987.76  462.28  439.57  201.17  762.07  870.90  540.52  702.69  344.02  587.35  563.08  623.81  181.55  735.71  634.73  569.14  693.63  858.16
  957.88  904.07  812.23  893.58  569.69  998.63  885.52  405.96  281.56  595.08  197.98  101.03  928.22  679.58  623.16  812.05  201.25  234.15  814.37  163.28  183.36  197.60  713.27  486.34  511.86  367.71  378.47  689.28  932.07  333.15  355.86  493.60  859.34  671.98  302.98  379.34  465.97  439.96  321.64  197.66
  676.77  470.57  224.17  488.89  221.25  397.51  907.27  750.37  235.34  946.67  539.77  716.77  858.09  566.43  360.55  832.72  153.37  272.60  372.98  220.86  883.90  190.76  682.45  923.43  662.77  651.65  790.68  170.98  736.95  807.26  352.01  465.44  790.05  516.94  408.53  185.80  412.17  439.22  376.67  608.91
  541.25  577.42  715.07  573.75  697.02  177.20  135.11  273.76  962.71  981.88  584.52  802.63  738.07  767.54  180.32  771.79  427.42  532.74  270.59  892.59  343.22  441.71  202.42  913.49  195.49  811.00  127.28  220.23  598.65  124.12  656.85  627.64  527.60  352.61  307.35  291.58  492.95  782.37  498.93  568.58
  774.75  997.49  794.85  106.24  858.83  916.42  730.07  804.73  989.91  710.48  559.65  798.26  398.22  533.74  688.11  364.78  653.03  733.13  206.49  710.94  685.03  201.38  355.09  284.32  785.91  871.93  114.96  186.34  294.36  446.67  186.42  896.19  579.41  762.02  587.60  303.37  930.59  517.10  512.74  587.73
  272.94  459.21  151.26  322.33  647.15  241.02  643.73  659.12  125.01  990.78  290.03  749.58  848.41  367.29  539.50  857.24  354.34  637.06  184.00  508.69  121.43  771.23  218.95  853.42  438.36  577.88  257.75  293.26  404.97  429.43  158.49  856.08  870.31  573.32  401.22  344.81  737.07  589.88  357.13  709.09
  721.13  327.59  956.42  190.59  410.34  678.77  373.65  420.14  637.22  509.27  516.54  233.60  837.85  977.20  835.14  617.86  460.96  206.79  530.30  385.01  903.02  542.22  359.27  176.40  240.94  236.99  975.13  747.26  179.99  556.18  318.10  688.38  351.36  182.35  447.42  789.78  806.02  711.17  566.25  918.05
  768.16  314.38  746.48  925.52  906.82  949.02  793.86  257.54  913.11  204.05  340.50  583.52  247.60  822.26  110.65  605.99  860.01  276.56  331.88  578.72  222.54  356.93  162.25  473.95  999.25  958.99  234.71  139.70  167.61  177.91  563.61  227.49  806.67  566.31  381.46  819.75  220.35  151.57  748.56  925.40
  856.39  377.93  521.22  937.08  111.45  990.64  655.97  326.47  368.42  915.92  677.64  624.60  231.02  523.74  152.11  149.05  722.02  880.26  370.89  763.27  998.61  490.50  909.70  860.56  235.21  191.94  175.53  646.00  389.37  132.95  915.95  255.02  773.62  481.59  643.47  733.21  414.77  804.02  353.26  898.92
  117.37  152.07  657.76  821.37  239.67  202.05  725.89  267.41  883.86  371.71  411.98  440.96  342.37  917.41  945.80  428.35  695.92  845.63  819.86  601.71  666.18  894.81  156.03  784.37  710.72  951.93  703.62  801.08  603.83  292.53  821.70  589.02  902.79  468.50  128.91  510.97  807.31  849.49  469.25  967.08
  356.58  747.50  256.53  844.92  466.52  565.49  450.48  515.60  735.27  395.05  782.68  645.93  349.41  243.67  106.18  435.95  297.65  848.34  431.82  351.32  529.30  883.41  968.50  724.87  461.55  229.27  277.70  647.21  948.03  964.57  306.78  348.80  556.41  490.06  604.35  329.52  178.59  213.24  314.93  517.05
  190.31  501.53  711.93  558.47  712.08  773.16  696.59  430.97  759.75  630.12  712.39  721.61  416.49  365.83  238.35  991.50  103.94  718.51  217.53  942.19  909.38  281.53  791.94  464.72  413.81  611.35  916.42  939.59  931.09  159.42  539.42  226.00  523.89  721.26  903.16  969.56  612.86  739.69  820.52  355.61
  235.05  646.51  635.34  328.33  654.42  944.57  271.84  584.31  850.20  272.63  486.41  369.66  227.72  240.26  494.77  904.62  315.33  349.09  876.56  933.70  707.32  390.74  792.68  230.82  159.82  372.07  623.57  937.05  204.89  433.77  635.90  896.60  860.15  671.64  398.83  194.01  743.14  563.18  905.08  460.59
  137.03  388.45  260.02  950.34  234.48  335.65  924.10  745.95  729.78  118.85  150.19  976.23  456.10  752.12  345.09  268.01  340.42  178.48  722.04  949.86  680.86  942.28  570.75  797.71  624.05  806.67  629.07  536.59  832.54  102.38  695.72  721.82  201.00  336.19  287.23  548.74  146.92  722.07  241.81  613.76
  626.66  863.15  909.87  365.48  256.67  197.34  286.71  617.66  444.56  650.42  238.18  281.65  872.62  525.80  109.56  561.46  319.96  505.04  241.84  250.27  123.96  107.90  375.18  153.56  523.19  243.73  474.91  958.21  148.54  510.63  683.15  455.54  808.30  118.51  885.84  904.85  552.65  639.16  257.61  786.97
  633.70  281.25  475.80  787.17  520.88  748.98  776.33  538.05  278.04  423.77  349.39  726.07  807.07  676.98  474.26  232.93  370.82  232.50  998.52  777.27  129.01  443.29  221.81  777.67  780.86  170.12  479.08  481.86  442.28  196.53  216.94  607.54  756.26  565.02  661.35  902.75  916.28  565.73  405.76  165.08
  173.28  915.05  553.28  925.32  712.97  500.29  423.95  292.47  823.94  453.76  421.80  983.90  204.84  511.30  768.51  403.32  426.70  249.73  884.63  273.39  428.57  835.18  309.14  627.12  204.60  924.15  541.55  784.51  476.08  853.67  186.84  982.28  177.59  632.27  127.84  841.72  880.07  914.22  781.09  205.06
  355.97  406.29  871.10  733.53  920.93  176.09  363.76  982.16  172.04  639.64  843.98  706.00  669.70  327.07  321.10  717.85  838.96  372.13  559.30  911.67  859.33  163.94  279.36  257.91  250.95  374.06  169.61  717.85  143.22  708.75  195.22  950.95  537.73  985.01  338.89  943.93  621.65  613.03  185.67  159.04
  840.22  438.04  619.22  832.02  313.48  952.83  899.60  433.42  870.63  457.87  617.91  787.44  111.08  594.51  945.01  109.07  292.30  180.45  523.21  607.19  553.83  932.98  783.59  165.56  260.86  950.58  142.28  276.34  223.17  784.52  271.82  112.70  582.43  138.29  681.87  623.33  324.20  169.45  667.57  629.12
  189.52  180.19  608.38  940.91  494.72  581.43  760.53  422.52  373.06  264.28  109.36  715.53  141.50  121.02  978.63  595.83  980.00  804.63  834.08  620.34  574.71  778.33  152.59  390.82  900.21  495.80  710.62  974.58  399.04  315.13  823.80  457.04  792.26  170.62  152.40  793.21  570.44  484.38  926.74  868.73
  256.57  187.77  587.41  572.96  100.99  838.48  538.66  923.76  418.19  272.66  259.88  387.65  264.80  318.85  599.00  496.21  127.64  891.79  445.45  632.09  802.80  939.01  509.03  423.80  517.14  779.38  579.25  241.92  509.22  488.55  615.11  329.86  390.28  975.39  571.99  176.84  279.42  839.53  368.18  402.72
  321.05  129.19  533.21  255.37  204.25  725.00  980.71  150.05  279.34  852.89  897.72  855.31  915.87  820.92  671.83  803.85  654.58  442.14  932.27  471.18  360.33  108.14  794.10  123.20  193.60  637.61  996.21  799.25  901.33  867.40  948.72  895.45  434.74  107.31  481.99  185.90  481.60  682.57  602.05  312.92
  823.73  602.18  935.62  587.62  326.14  917.17  207.28  221.80  184.77  663.30  424.83  794.41  522.25  114.83  690.84  175.32  365.17  247.53  885.60  221.44  466.01  630.16  569.67  671.01  713.17  368.58  951.68  765.32  592.02  437.51  376.13  632.96  757.41  986.81  119.52  132.68  219.84  510.88  794.33  382.31
  186.47  192.09  447.04  583.60  667.33  552.92  760.50  618.72  762.65  320.12  820.81  808.41  629.68  576.85  544.36  102.95  409.64  657.36  199.07  731.14  611.65  503.28  410.88  803.77  482.69  120.55  509.10  289.65  938.57  569.23  962.13  775.95  622.27  658.10  520.04  987.16  856.08  713.21  201.40  144.44
  410.26  618.41  355.48  917.15  946.45  300.41  245.90  628.58  675.15  653.99  917.57  465.88  207.57  154.88  840.24  967.29  625.78  595.93  435.36  637.29  420.43  603.76  300.73  694.94  226.91  120.26  831.37  893.02  517.03  763.84  917.70  808.52  984.85  784.20  532.80  775.81  706.64  666.19  289.15  328.54
  790.01  549.26  706.36  693.81  953.07  349.89  700.15  588.88  744.55  933.20  841.94  865.95  916.81  478.41  262.02  206.27  717.69  144.91  115.68  811.61  303.81  579.03  722.81  684.73  180.02  590.45  727.98  187.70  717.27  254.46  898.83  689.47  822.41  662.00  572.90  123.57  808.70  740.58  384.36  274.64
  443.07  329.85  615.36  626.19  484.52  972.79  155.30  536.20  939.43  906.02  347.22  315.50  212.12  343.12  204.50  109.90  869.18  734.82  734.26  936.11  917.36  778.69  479.45  684.50  669.48  341.38  901.39  713.63  241.85  908.18  836.44  589.26  814.47  173.72  655.61  571.21  599.18  567.83  102.69  180.04
  196.82  616.59  800.67  482.91  601.61  259.84  969.63  677.08  632.93  278.40  902.12  893.77  376.57  632.57  552.49  936.59  270.36  941.86  141.72  447.48  249.41  309.77  476.18  983.22  367.44  347.28  174.05  983.76  993.57  247.54  945.67  485.22  274.89  207.84  784.31  592.49  721.77  927.37  924.55  784.06
