  549.87  415.82  766.50  463.76  580.96  890.95  676.04  902.85  206.24  199.83  781.49  881.79  301.66  201.85  448.33  631.02  827.40  611.87  569.64  560.59  140.82  674.86  980.28  842.85  919.06  737.75  955.22  313.11  119.99  326.14  187.82  308.63  551.54  298.13  267.78  910.24  750.98  343.95  423.91  126.25
  412.00  343.47  234.37  877.59  407.05  497.21  745.23  578.23  480.21  442.26  123.11  718.26  803.79  267.80  490.83  658.44  760.20  308.69  305.44  530.31  942.49  173.02  325.53  914.37  639.95  821.67  898.26  904.22  398.08  728.86  744.68  847.15  812.74  624.91  680.85  793.18  899.99  595.05  181.80  644.34
  456.72  660.71  399.29  740.97  571.29  280.26  964.33  783.31  220.03  974.41  816.53  894.36  496.40  731.65  236.13  149.50  955.22  138.41  982.51  431.99  627.56  344.45  392.16  513.14  192.18  898.21  123.41  986.55  982.76  225.52  798.39  356.61  695.87  802.13  227.31  459.70  119.80  309.01  884.33  188.88
  255.45  219.54  580.12  579.78  892.30  122.18  850.96  244.52  870.54  605.96  811.64  685.19  889.48  514.43  210.48  587.40  226.34  417.97  965.23  488.39  466.59  664.62  560.64  210.31  279.60  119.65  315.51  710.17  452.36  949.17  434.98  755.14  731.32  404.04  164.10  607.50  796.07  281.08  862.98  409.25
  995.56  933.30  987.77  457.71  880.35  413.89  115.92  378.62  422.71  546.24  117.56  349.92  806.75  398.46  676.42  987.01  744.84  932.96  976.96  749.63  398.37  404.19  606.55  389.46  530.42  583.38  102.68  859.59  765.91  839.92  592.21  327.29  908.43  213.64  991.69  470.28  107.28  577.72  505.98  249.04
  755.41  967.68  635.87  767.57  805.95  940.90  403.38  388.20  597.18  236.34  803.73  366.22  289.12  632.08  879.32  224.98  826.01  840.50  455.04  986.92  772.00  432.93  750.76  507.39  603.41  913.19  172.55  130.65  115.31  752.44  899.39  519.51  262.91  903.65  103.51  257.03  870.50  636.75  266.24  971.48
  287.06  778.16  529.44  921.78  635.90  907.40  726.64  502.23  643.25  642.17  216.85  638.10  159.39  240.14  191.60  499.58  860.73  390.93  567.43  901.61  814.44  814.05  744.63  852.68  620.74  409.71  758.65  532.94  935.48  216.02  658.47  550.06  896.60  194.39  275.60  974.59  181.31  581.87  292.59  673.67
  547.55  560.19  154.83  961.35  357.09  540.16  707.42  684.48  859.52  796.23  575.03  336.40  171.55  787.78  744.64  429.49  823.41  130.06  703.06  813.81  800.78  951.84  905.64  865.64  100.84  236.33  955.71  674.15  160.78  214.27  538.93  942.85  897.08  858.59  988.74  929.95  108.21  966.83  872.74  296.36
  302.62  174.63  130.13  694.54  724.71  697.93  591.25  873.96  777.65  862.15  119.37  806.33  137.21  367.19  887.44  987.25  672.45  537.71  962.94  442.43  633.51  674.09  482.42  378.82  573.20  341.66  903.51  408.24  777.66  815.90  672.42  894.19  864.27  781.49  330.17  844.86  205.90  831.62  378.47  201.20
  341.80  980.85  473.69  189.49  486.16  406.13  320.90  856.77  552.10  945.80  246.41  733.82  756.53  406.60  857.75  762.07  814.66  328.44  440.07  274.48  761.64  966.70  994.18  706.19  336.73  421.83  184.22  386.45  842.93  855.74  990.32  682.41  101.64  939.79  334.48  957.29  718.15  310.61  549.21  568.30
  859.43  525.44  461.09  971.17  623.16  350.87  769.40  168.85  838.69  322.75  830.48  249.47  407.76  633.51  154.51  693.35  825.47  214.79  714.31  560.04  264.89  594.71  780.24  818.25  969.00  535.95  328.23  890.27  702.24  587.35  449.94  170.98  312.60  317.68  703.48  870.90  273.94  639.73  938.85  729.30
  280.61  679.58  141.23  812.23  158.84  563.88  124.75  904.45  496.15  339.25  578.81  218.49  234.76  462.28  735.71  633.80  762.82  940.36  434.12  460.64  715.70  411.85  623.81  735.03  893.58  869.64  724.58  957.88  856.73  281.65  541.71  516.64  581.74  822.77  727.65  477.42  601.00  281.56  439.22  928.22
  379.34  794.50  923.27  904.07  563.08  856.26  367.71  634.73  390.79  410.52  489.93  987.76  840.05  235.34  507.12  439.57  344.02  323.34  713.48  595.08  540.52  693.08  671.98  643.73  716.77  201.25  772.29  864.06  814.37  569.14  101.03  738.73  945.49  272.60  511.86  807.26  802.63  885.52  372.98  405.96
  858.16  812.05  713.27  584.52  539.77  569.69  234.15  183.36  181.55  662.77  750.37  907.27  321.64  486.34  197.98  190.76  832.72  676.77  465.97  197.66  224.17  302.98  470.57  682.45  291.58  541.25  689.28  946.67  932.07  201.17  923.43  981.88  693.63  859.34  790.05  488.89  782.37  916.42  573.75  493.60
  273.76  185.80  577.42  598.65  408.53  736.95  333.15  998.63  153.37  845.12  220.86  221.25  376.67  197.60  651.65  360.55  568.58  730.07  516.94  163.28  465.44  790.68  962.71  883.90  352.01  135.11  127.28  220.23  738.07  653.03  913.49  566.43  202.42  533.74  343.22  771.79  439.96  697.02  715.07  492.95
  114.96  892.59  498.93  527.60  508.69  579.41  364.78  532.74  710.94  195.49  427.42  355.86  853.42  441.71  352.61  997.49  767.54  158.49  270.59  412.17  460.96  930.59  608.91  702.69  858.83  737.07  794.85  177.20  512.74  989.91  999.25  257.75  219.06  190.59  733.13  206.49  201.38  241.02  429.43  587.60
  656.85  124.12  186.42  589.88  373.65  688.11  180.32  290.03  798.26  711.17  367.29  573.32  804.73  858.09  517.10  685.03  990.78  871.93  559.65  303.37  397.51  627.64  186.34  446.67  710.48  410.34  721.13  284.32  459.21  659.12  294.36  771.23  106.24  539.50  762.02  354.34  542.22  385.01  577.88  357.13
  709.09  293.26  218.95  857.24  272.94  837.85  206.79  688.38  768.16  438.36  835.14  236.99  870.31  121.43  637.06  404.97  856.08  977.20  587.73  806.02  848.41  247.60  355.09  605.99  566.25  516.54  647.15  956.42  774.75  678.77  344.81  785.91  151.26  322.33  749.58  233.60  276.56  401.22  327.59  975.13
  420.14  125.01  903.02  811.00  925.52  398.22  359.27  530.30  509.27  176.40  896.19  556.18  351.36  819.75  913.11  624.60  167.61  746.48  184.00  845.63  182.35  906.82  257.54  793.86  617.86  110.65  162.25  848.34  925.40  356.93  314.38  377.93  578.72  637.22  804.02  342.37  473.95  307.35  860.01  318.10
  368.42  773.62  231.02  789.78  204.05  331.88  370.89  521.22  918.05  175.53  822.26  222.54  909.70  880.26  666.18  937.08  646.00  990.64  949.02  326.47  806.67  151.57  747.26  177.91  381.46  958.99  111.45  710.72  179.99  152.07  807.31  915.92  523.74  447.42  240.94  856.39  860.56  132.95  894.81  450.48
  722.02  227.49  220.35  117.37  917.41  191.94  428.35  152.11  898.92  481.59  821.70  712.39  763.27  677.64  353.26  748.56  128.91  782.68  655.97  149.05  239.67  371.71  267.41  915.95  725.89  643.47  156.03  435.95  733.21  501.53  563.61  583.52  566.31  515.60  695.92  256.53  601.71  243.67  951.93  389.37
  490.50  945.80  292.53  340.50  819.86  883.86  235.21  784.37  411.98  968.50  510.97  703.62  297.65  139.70  844.92  414.77  647.21  395.05  398.83  565.49  909.38  657.76  466.52  468.50  431.82  355.61  349.41  801.08  902.79  696.59  281.53  603.83  469.25  604.35  529.30  883.41  558.47  238.35  645.93  106.18
  202.05  213.24  759.75  440.96  103.94  226.00  964.57  849.49  735.27  747.50  416.49  490.06  950.34  635.34  556.41  272.63  948.03  369.66  229.27  791.94  461.55  413.81  178.59  255.02  589.02  718.51  464.72  904.62  792.68  433.77  773.16  517.05  329.52  190.31  933.70  277.70  539.42  351.32  235.05  711.93
  721.61  612.86  234.71  939.59  456.10  365.83  349.09  523.89  390.74  724.87  584.31  630.12  230.82  137.03  388.45  372.07  931.09  635.90  850.20  306.78  967.08  991.50  998.61  944.57  328.33  159.42  905.08  345.09  234.48  820.52  356.58  937.05  563.18  654.42  629.07  832.54  227.72  548.74  707.32  969.56
  896.60  945.01  721.82  721.26  335.65  102.38  314.93  240.26  924.10  494.77  611.35  860.15  348.80  256.67  430.97  217.53  743.14  722.04  797.71  916.42  349.39  942.28  976.23  876.56  909.87  194.01  942.19  340.42  165.08  486.41  712.08  204.89  570.75  159.82  695.72  777.27  752.12  903.16  268.01  260.02
  148.54  315.33  745.95  365.48  623.57  460.59  739.69  633.70  118.51  806.67  958.21  624.05  309.14  319.96  726.07  146.92  565.73  776.33  287.23  150.19  523.19  671.64  821.37  500.29  238.18  729.78  109.56  561.46  807.07  153.56  444.56  626.66  286.71  863.15  281.65  243.73  455.54  475.80  722.07  872.62
  107.90  281.25  639.16  241.84  627.12  904.85  201.00  650.42  510.63  250.27  278.04  232.50  216.94  676.98  552.65  808.30  257.61  474.26  123.96  885.84  375.18  536.59  525.80  232.93  841.72  505.04  748.98  479.08  884.63  756.26  784.51  197.34  537.73  538.05  327.07  949.86  241.81  902.75  787.17  920.93
  118.85  520.88  129.01  370.82  423.77  336.19  998.52  680.86  273.39  221.81  423.95  173.28  178.48  403.32  271.84  511.30  607.54  786.97  780.86  426.70  204.60  453.76  683.15  421.80  632.27  925.32  708.75  613.76  768.51  321.10  617.66  834.08  565.02  916.28  983.90  853.67  924.15  422.52  669.70  541.55
  481.86  823.94  661.35  443.29  911.67  204.84  781.09  915.05  176.09  405.76  843.98  835.18  172.04  880.07  292.47  553.28  581.43  646.51  127.84  196.53  985.01  871.10  594.51  859.33  363.76  476.08  186.84  982.16  900.21  926.74  250.95  777.67  205.06  338.89  442.28  982.28  279.36  706.00  428.57  914.22
  442.14  143.22  170.12  613.03  177.59  374.06  639.64  111.08  950.95  406.29  355.97  840.22  783.59  623.33  950.58  141.50  180.45  264.28  838.96  607.19  390.28  159.04  832.02  523.21  870.63  457.87  717.85  932.98  372.13  621.65  313.48  249.73  180.19  787.44  595.83  980.71  163.94  138.29  185.67  943.93
  899.60  438.04  495.80  712.97  373.06  792.26  142.28  923.76  256.57  292.30  169.61  260.86  152.59  112.70  276.34  259.88  760.53  619.22  553.83  733.53  474.91  559.30  940.91  184.77  324.20  165.56  715.53  109.36  629.12  803.85  717.85  272.66  189.52  710.62  974.58  223.17  784.52  681.87  257.91  823.80
  978.63  572.96  574.71  793.21  457.04  271.82  390.82  617.91  187.77  838.48  620.34  264.80  802.80  445.45  127.64  402.72  571.99  315.13  980.00  170.62  592.02  582.43  725.00  587.41  496.21  667.57  538.66  169.45  387.65  100.99  939.01  868.73  109.07  318.85  418.19  433.42  423.80  794.10  279.42  175.32
  517.14  368.18  895.45  494.72  820.92  484.38  152.40  121.02  129.19  204.25  599.00  891.79  107.31  794.33  932.27  975.39  948.72  778.33  671.01  255.37  570.44  615.11  632.09  114.83  150.05  360.33  779.38  108.14  637.61  195.22  569.67  279.34  329.86  952.83  897.72  321.05  241.92  823.73  123.20  938.57
  365.17  799.25  219.84  399.04  839.53  671.83  186.47  867.40  509.22  488.55  312.92  996.21  852.89  199.07  522.25  509.03  221.44  481.99  765.32  608.38  885.60  434.74  855.31  690.84  804.63  587.62  917.17  247.53  376.13  193.60  682.57  119.52  185.90  657.36  915.87  466.01  935.62  590.45  663.30  382.31
  481.60  951.68  602.05  916.81  628.58  808.41  569.23  713.21  790.01  901.33  602.18  552.92  986.81  794.41  583.60  762.65  820.81  775.95  409.64  207.28  132.68  611.65  632.96  329.85  654.58  368.58  713.17  667.33  510.88  630.16  435.36  274.64  471.18  757.41  120.26  102.95  509.10  245.90  192.09  447.04
  533.21  221.80  424.83  482.69  962.13  760.50  775.81  622.27  629.68  946.45  831.37  437.51  658.10  544.36  289.65  503.28  520.04  967.29  300.41  517.03  226.91  618.41  123.57  803.77  410.88  984.85  856.08  532.80  763.84  987.16  206.27  933.20  201.40  262.02  144.44  731.14  176.84  579.25  410.26  694.94
  576.85  618.72  632.57  579.03  603.76  417.75  572.90  744.55  626.19  666.19  917.70  717.69  226.57  675.15  841.94  595.93  811.61  625.78  603.78  693.81  155.30  349.89  653.99  917.57  303.81  840.24  549.26  289.15  784.20  328.54  953.07  154.88  939.43  677.08  706.36  479.45  207.57  115.68  465.88  254.46
  893.02  917.15  972.79  808.52  180.02  300.73  615.36  443.07  355.48  320.12  384.36  120.55  808.70  655.61  588.88  700.15  717.27  173.72  814.47  571.21  689.47  898.83  727.98  164.50  484.58  662.00  599.18  869.18  326.14  589.26  157.40  684.50  315.50  347.22  713.63  734.26  800.67  478.41  367.44  908.18
  484.52  927.37  187.70  536.20  722.81  717.95  180.04  476.18  482.91  969.63  734.82  174.05  679.94  109.90  740.58  567.83  249.41  212.12  341.38  616.59  343.12  983.76  822.41  902.12  270.36  684.73  196.82  944.25  312.30  901.39  721.77  102.69  970.66  552.49  259.84  936.59  601.61  204.50  708.83  836.44
  144.91  906.02  376.57  778.69  936.11  207.84  989.34  592.49  924.55  116.99  347.28  278.40  309.77  941.86  691.68  955.82  796.48  903.29  274.89  923.38  579.50  337.04  850.54  945.67  105.61  394.14  669.48  485.22  893.77  534.86  632.93  784.31  784.06  739.08  877.82  917.36  339.19  893.38  320.94  212.96
