  842.85  313.11  766.50  301.66  674.86  881.79  199.83  201.85  343.95  580.96  803.79  737.75  919.06  419.35  415.82  448.33  560.59  902.85  729.03  750.98  326.14  480.21  890.95  308.63  187.82  631.02  955.22  225.91  549.87  760.20  569.64  119.99  877.59  126.25  551.54  783.31  676.04  942.49  781.49  267.78  695.87  611.87  793.18  490.83  680.85  280.26  497.21  827.40  980.28  632.55
  234.37  812.74  188.88  955.22  816.53  181.80  964.33  660.71  463.76  407.05  745.23  123.11  423.91  899.99  140.82  910.24  117.56  530.31  173.02  802.13  343.47  267.80  639.95  219.54  744.68  731.32  571.29  898.21  644.34  740.97  244.52  595.05  206.24  658.44  889.48  344.45  398.08  821.67  986.55  728.86  220.03  847.15  325.53  767.57  578.23  579.78  685.19  627.56  731.65  119.65
  392.16  513.14  974.41  210.31  607.50  404.04  488.39  718.26  308.69  298.13  255.45  496.40  115.31  982.51  982.76  459.70  466.59  164.10  456.72  422.71  884.33  412.00  949.17  898.26  119.80  933.30  305.44  122.18  870.54  850.96  356.61  442.26  580.12  123.41  811.64  236.13  138.41  987.77  227.31  560.64  894.36  587.40  409.25  806.75  398.46  434.98  710.17  210.48  965.23  605.96
  755.14  431.99  987.01  249.04  309.01  892.30  991.69  880.35  514.43  225.52  279.60  914.37  398.37  107.28  226.34  389.46  413.89  684.48  192.18  499.58  130.65  213.64  457.71  755.41  174.63  281.08  529.44  904.22  632.08  796.07  624.91  547.55  940.90  417.97  744.84  798.39  749.63  583.38  378.62  592.21  388.20  976.96  932.96  470.28  452.36  750.76  879.32  995.56  224.98  289.12
  908.43  404.19  577.72  102.68  676.42  986.92  803.73  664.62  805.95  266.24  635.87  399.29  901.61  752.44  171.55  859.59  172.55  840.50  315.51  115.92  903.65  913.19  814.05  366.22  921.78  967.68  862.98  540.16  403.38  567.43  603.41  327.29  149.50  349.92  961.35  758.65  826.01  633.51  502.23  546.24  262.91  635.90  597.18  240.14  772.00  643.25  907.40  620.74  726.64  606.55
  216.02  357.09  181.31  778.16  530.42  971.48  103.51  638.10  575.03  519.51  236.33  852.68  409.71  839.92  777.66  159.39  216.85  796.23  744.63  642.17  658.47  823.41  870.50  899.39  935.48  507.39  339.25  532.94  191.60  765.91  974.59  287.06  378.82  860.73  897.08  955.71  550.06  275.60  873.96  859.52  887.44  942.85  938.85  160.78  130.06  257.03  390.93  292.59  905.64  707.42
  505.98  154.83  341.66  865.64  813.81  560.19  703.06  184.22  744.64  674.09  432.93  896.60  697.93  858.59  194.39  673.67  538.93  831.62  714.31  130.13  694.54  672.45  108.21  581.87  733.82  966.83  336.40  724.71  856.77  205.90  962.94  386.45  214.27  429.49  872.74  137.21  334.48  367.19  302.62  636.75  406.60  119.37  777.65  988.74  787.78  246.41  903.51  537.71  408.24  482.42
  455.04  236.34  815.90  862.15  939.79  100.84  568.30  674.15  442.43  864.27  328.44  693.35  806.33  330.17  341.80  486.16  844.86  756.53  929.95  101.64  702.24  552.10  525.44  201.20  336.73  440.07  980.85  274.48  951.84  780.24  350.87  407.76  945.80  855.74  406.13  421.83  987.25  814.66  794.50  966.70  971.17  460.64  280.61  842.93  639.73  473.69  706.19  549.21  859.43  378.47
  573.20  762.07  772.29  830.48  310.61  781.49  957.29  838.69  322.75  273.94  990.32  682.41  818.25  264.89  894.19  189.49  994.18  940.36  601.00  761.64  461.09  633.51  814.44  281.65  890.27  214.79  320.90  154.51  672.42  312.60  923.27  762.82  560.04  825.47  587.35  812.23  218.49  449.94  969.00  170.98  296.36  124.75  857.75  535.95  729.30  591.25  735.71  541.71  633.80  234.76
  703.48  904.45  219.06  856.26  434.12  718.15  738.73  845.12  323.34  516.64  800.78  328.23  249.47  317.68  893.58  869.64  769.40  496.15  735.03  507.12  957.88  411.85  822.77  563.88  870.90  489.93  141.23  158.84  724.58  563.08  439.22  713.48  462.28  540.52  727.65  945.49  477.42  439.57  344.02  379.34  623.16  181.55  569.14  987.76  410.52  272.60  679.58  856.73  715.70  511.86
  814.37  367.71  235.34  581.74  643.73  840.05  183.36  716.77  807.26  998.63  355.86  486.34  201.17  594.71  539.77  904.07  595.08  234.15  671.98  812.05  584.52  932.07  578.81  488.89  372.98  907.27  333.15  101.03  390.79  168.85  750.37  702.69  360.55  676.77  163.28  493.60  736.95  634.73  569.69  858.16  201.25  802.63  864.06  693.08  662.77  465.97  566.43  832.72  224.17  541.25
  220.23  185.80  790.05  291.58  693.63  923.43  352.01  859.34  946.67  885.52  682.45  221.25  180.32  439.96  321.64  928.22  153.37  281.56  577.42  782.37  981.88  190.76  883.90  273.76  364.78  465.44  114.96  408.53  689.28  962.71  916.42  651.65  197.66  767.54  302.98  412.17  197.98  527.60  343.22  715.07  573.75  627.64  405.96  533.74  559.65  892.59  858.09  220.86  608.91  190.59
  774.75  270.59  441.71  738.07  470.57  397.51  794.85  516.94  790.68  579.41  197.60  158.49  598.65  656.85  653.03  733.13  307.35  697.02  322.33  737.07  688.11  913.49  804.73  713.27  930.59  202.42  853.42  427.42  177.20  762.02  352.61  771.79  206.49  398.22  811.00  798.26  989.91  135.11  730.07  999.25  857.24  186.34  685.03  106.24  568.58  498.93  710.94  587.60  858.83  589.88
  806.02  871.93  127.28  373.65  376.67  410.34  367.29  542.22  124.12  151.26  201.38  355.09  848.41  573.32  294.36  492.95  186.42  587.73  990.78  241.02  623.81  997.49  293.26  577.88  749.58  290.03  835.14  357.13  121.43  647.15  460.96  195.49  688.38  721.13  284.32  354.34  385.01  257.75  125.01  438.36  509.27  539.50  272.94  179.99  517.10  331.88  711.17  446.67  236.99  508.69
  977.20  771.23  218.95  956.42  532.74  344.81  276.56  678.77  516.54  327.59  793.86  429.43  303.37  785.91  804.02  896.19  512.74  351.36  176.40  240.94  206.79  856.08  637.06  709.09  318.10  233.60  566.25  404.97  870.31  459.21  903.02  617.86  184.00  231.02  162.25  918.05  710.48  949.02  925.52  583.52  659.12  819.75  975.13  247.60  789.78  937.08  257.54  925.40  880.26  356.93
  837.85  359.27  710.72  473.95  167.61  624.60  447.42  958.99  342.37  377.93  860.56  234.71  746.48  605.99  110.65  401.22  913.11  314.38  152.11  768.16  420.14  326.47  222.54  368.42  370.89  381.46  177.91  860.01  821.70  227.49  646.00  845.63  822.26  353.26  151.57  428.35  748.56  806.67  111.45  521.22  747.26  677.64  637.22  149.05  915.92  204.05  340.50  563.61  556.18  722.02
  666.18  763.27  917.41  712.39  175.53  450.48  566.31  915.95  481.59  578.72  139.70  894.81  909.70  782.68  848.34  998.61  906.82  657.76  255.02  856.39  883.86  132.95  733.21  414.77  807.31  152.07  411.98  435.95  601.71  213.24  523.74  182.35  643.47  821.37  784.37  945.80  990.64  256.53  267.41  703.62  103.94  490.50  725.89  156.03  349.41  883.41  239.67  395.05  220.35  603.83
  501.53  389.37  801.08  515.60  645.93  747.50  898.92  128.91  398.83  902.79  967.08  243.67  297.65  655.97  329.52  468.50  589.02  558.47  371.71  819.86  695.92  951.93  466.52  106.18  469.25  792.68  647.21  238.35  356.58  490.06  948.03  461.55  117.37  464.72  759.75  281.53  530.30  844.92  440.96  226.00  718.51  190.31  191.94  306.78  724.87  292.53  964.57  272.63  712.08  635.34
  950.34  369.66  351.32  696.59  654.42  539.42  416.49  277.70  850.20  413.81  905.08  355.61  349.09  711.93  433.77  721.61  178.59  968.50  991.50  909.38  365.83  345.09  916.42  202.05  612.86  773.62  933.70  939.59  137.03  388.45  735.27  611.35  584.31  431.82  903.16  150.19  739.69  159.42  235.05  791.94  529.30  773.16  230.82  271.84  430.97  721.26  820.52  229.27  227.72  896.60
  646.51  904.62  486.41  348.80  523.89  563.18  604.35  372.07  390.74  931.09  635.90  945.01  942.19  505.04  849.49  630.12  707.32  217.53  234.48  722.04  944.57  671.64  235.21  256.67  565.49  494.77  721.82  806.67  876.56  510.97  909.87  102.38  556.41  460.59  314.93  517.05  729.78  942.28  204.89  969.56  745.95  680.86  743.14  118.85  365.48  241.84  238.18  349.39  958.21  570.75
  752.12  629.07  624.05  201.00  268.01  650.42  924.10  281.65  240.26  776.33  937.05  633.70  148.54  832.54  194.01  455.54  976.23  456.10  286.71  536.59  623.57  309.14  165.08  315.33  197.34  241.81  565.73  287.23  109.56  722.07  695.72  335.65  178.48  863.15  336.19  808.30  260.02  552.65  153.56  561.46  107.90  216.94  118.51  683.15  949.86  613.76  807.07  904.85  797.71  626.66
  232.50  123.96  474.91  548.74  523.19  474.26  748.98  479.08  676.98  375.18  777.27  786.97  902.75  278.04  250.27  243.73  423.77  328.33  475.80  273.39  756.26  841.72  500.29  340.42  423.95  538.05  221.81  537.73  453.76  617.66  787.17  884.63  370.82  661.35  319.96  444.56  998.52  726.07  872.62  204.84  525.80  481.86  565.02  627.12  406.29  860.15  173.28  257.61  232.93  327.07
  321.10  196.53  442.28  607.54  784.52  777.67  781.09  911.67  520.88  292.47  129.01  639.16  708.75  281.25  983.90  170.12  405.76  204.60  426.70  920.93  146.92  428.57  871.10  403.32  581.43  159.82  924.15  835.18  823.94  510.63  768.51  784.51  541.55  853.67  982.28  177.59  717.85  619.22  632.27  594.51  186.84  422.52  914.22  669.70  916.28  127.84  443.29  915.05  950.95  885.84
  257.91  843.98  355.97  780.86  926.74  900.21  783.59  372.13  442.14  980.71  172.04  363.76  952.83  639.64  834.08  279.36  249.73  338.89  712.97  613.03  706.00  264.28  374.06  932.98  838.96  717.85  195.22  859.33  621.65  840.22  390.28  870.63  559.30  511.30  985.01  163.94  169.61  787.44  943.93  433.42  111.08  457.87  143.22  250.95  276.34  180.45  620.34  899.60  623.33  138.29
  792.26  169.45  292.30  165.56  923.76  159.04  778.33  260.86  553.83  523.21  880.07  180.19  271.82  324.20  925.32  494.72  313.48  259.88  109.36  373.06  141.50  223.17  553.28  895.45  142.28  608.38  582.43  733.53  476.08  421.80  495.80  760.53  205.06  595.83  868.73  112.70  189.52  187.77  838.48  185.67  804.63  176.09  184.77  399.04  832.02  572.96  940.91  715.53  607.19  574.71
  793.21  667.57  982.16  617.91  127.64  390.82  484.38  980.00  599.00  978.63  533.21  681.87  264.80  629.12  671.83  418.19  592.02  939.01  315.13  121.02  632.09  387.65  570.44  175.32  538.66  615.11  509.03  272.66  152.59  152.40  423.80  496.21  129.19  794.10  571.99  839.53  170.62  318.85  368.18  823.80  457.04  256.57  948.72  109.07  255.37  794.33  579.25  176.84  107.31  569.67
  820.92  312.92  488.55  279.42  241.92  917.17  891.79  587.41  150.05  329.86  950.58  360.33  123.20  365.17  938.57  114.83  915.87  713.21  445.45  204.25  802.80  321.05  108.14  471.18  186.47  996.21  100.99  185.90  193.60  481.60  247.53  279.34  823.73  897.72  885.60  974.58  901.33  765.32  402.72  517.14  932.27  654.58  438.04  602.18  637.61  935.62  424.83  855.31  779.38  376.13
  867.40  517.03  630.16  509.22  192.09  199.07  382.31  221.80  803.85  221.44  368.58  663.30  725.00  710.62  602.05  808.41  590.45  757.41  682.57  916.81  207.28  102.95  481.99  119.52  667.33  632.96  713.17  120.55  917.15  775.95  569.23  852.89  790.01  120.26  409.64  437.51  820.81  760.50  201.40  986.81  794.41  274.64  434.74  731.14  510.88  657.36  326.14  799.25  576.85  410.88
  245.90  522.25  975.39  320.12  587.62  552.92  509.10  482.69  583.60  289.65  917.70  410.26  803.77  435.36  946.45  219.84  951.68  532.80  144.44  611.65  618.72  967.29  917.57  328.54  962.13  154.88  784.20  775.81  465.88  207.57  544.36  763.84  653.99  503.28  984.85  933.20  840.24  622.27  226.91  355.48  628.58  893.02  690.84  856.08  115.68  447.04  329.85  637.29  420.43  300.41
  658.10  417.75  811.61  123.57  744.55  629.68  300.73  865.95  466.01  694.94  572.90  618.41  155.30  632.57  443.07  579.03  831.37  226.57  349.89  666.19  762.65  289.15  987.16  262.02  520.04  808.52  603.78  953.07  675.15  144.91  700.15  693.81  536.20  595.93  972.79  478.41  549.26  662.00  689.47  717.27  808.70  906.02  603.76  212.12  206.27  347.22  615.36  479.45  187.70  669.48
  814.47  343.12  740.58  303.81  706.64  384.36  132.68  254.46  589.26  908.18  241.85  684.50  173.72  671.01  917.36  717.69  315.50  249.41  157.40  713.63  109.90  841.94  588.88  367.44  626.19  571.21  180.02  180.04  341.38  484.58  599.18  778.69  625.78  482.91  836.44  927.37  476.18  312.30  901.39  447.48  939.43  543.07  822.41  734.26  902.12  102.69  936.11  936.59  983.22  727.98
  784.31  969.63  898.83  278.40  684.73  204.50  869.18  706.36  717.95  384.29  484.52  196.82  347.28  174.05  632.93  893.77  941.86  721.77  485.22  924.55  993.57  309.77  970.66  552.49  601.61  679.94  877.82  796.48  708.83  141.72  800.67  579.50  850.54  567.83  394.14  207.84  989.34  247.54  616.59  410.60  164.50  945.67  691.68  506.71  734.82  903.29  274.89  376.57  270.36  577.40
  339.19  955.82  417.83  154.57  105.61  592.49  534.86  944.25  997.65  940.15  430.19  249.72  386.31  737.50  195.30  893.38  739.08  534.08  492.69  116.99  921.92  939.60  483.59  721.93  999.16  286.40  245.79  709.62  320.94  337.04  429.17  230.37  677.08  923.38  462.18  259.84  947.48  344.57  295.34  798.44  784.06  442.95  749.25  722.81  204.79  283.82  715.57  344.74  606.45  731.83
  755.90  552.64  557.38  739.04  247.36  514.31  895.91  791.16  539.60  303.74  415.52  800.31  519.55  698.93  299.07  987.31  839.66  717.38  400.55  433.42  996.22  809.49  983.76  197.50  678.80  877.73  212.96  965.35  171.79  126.37  348.22  571.13  677.69  305.10  600.89  867.28  251.54  560.56  191.71  537.83  960.27  589.30  774.95  852.14  440.31  392.67  482.63  625.38  108.74  484.34
  394.36  213.70  881.47  400.13  565.33  899.77  673.70  699.54  249.32  749.22  567.90  360.44  344.51  401.38  322.78  205.75  319.90  772.98  750.17  866.49  312.92  625.26  940.12  692.61  383.54  513.39  575.16  612.92  718.36  628.42  980.00  756.06  830.19  851.07  744.38  216.01  812.16  668.01  717.65  612.90  281.25  784.21  545.13  634.54  655.61  675.58  900.96  654.06  755.34  995.64
  735.52  829.37  907.09  290.11  369.69  545.09  946.75  362.64  278.75  941.54  638.31  296.15  192.13  622.83  519.63  284.92  707.77  474.33  554.45  314.20  228.18  688.98  157.74  414.89  521.87  292.23  858.22  267.17  901.72  568.18  678.64  569.57  382.52  948.66  927.49  540.58  162.17  996.17  824.97  368.79  966.11  545.38  603.11  760.93  936.64  351.01  863.74  977.25  639.11  574.00
  418.76  537.67  299.73  744.47  548.97  608.32  918.03  427.67  600.93  924.15  538.42  119.83  869.69  779.91  358.48  123.59  258.84  387.64  777.85  349.82  170.78  310.37  554.65  881.04  284.87  270.17  738.87  353.02  595.93  329.72  779.60  476.75  574.43  834.13  768.47  593.96  215.18  236.42  361.97  386.30  257.14  955.40  619.44  434.71  302.48  956.78  853.78  477.89  888.91  485.41
  314.38  846.91  893.56  471.02  604.49  694.79  375.06  310.34  996.52  964.57  264.92  342.62  859.75  495.39  326.47  683.26  933.35  857.34  154.74  902.38  376.74  689.31  944.74  947.18  466.80  935.89  208.90  822.16  579.69  881.89  967.09  756.57  914.09  795.26  960.96  335.48  519.45  402.47  143.76  480.78  164.78  371.81  643.30  489.78  235.12  216.00  111.62  516.50  784.39  535.89
  981.54  886.26  993.27  409.77  908.85  964.79  961.25  624.20  518.75  129.44  185.85  908.96  901.98  496.71  392.34  644.65  748.85  526.73  472.72  898.42  417.90  496.85  723.11  954.74  251.80  685.92  826.04  811.34  278.74  553.13  567.08  634.37  818.86  899.91  370.17  819.42  821.63  384.59  347.71  405.97  884.90  860.04  346.93  594.54  885.73  304.58  144.71  391.55  316.35  556.11
  186.92  515.08  903.06  102.31  144.29  586.62  636.12  875.62  701.22  434.66  305.57  939.98  788.21  780.36  731.58  705.76  101.71  948.63  275.88  951.84  584.12  954.72  530.47  288.67  738.65  100.16  809.02  606.46  276.59  873.16  386.81  459.69  491.83  330.81  556.86  318.36  269.13  942.33  442.00  255.43  456.61  339.01  323.71  702.06  102.40  466.34  537.51  313.55  594.17  893.28
  209.40  841.22  751.61  423.98  994.87  391.22  798.56  453.26  545.33  909.92  258.26  450.29  900.43  654.75  418.21  463.00  978.35  850.97  201.66  408.88  944.96  223.71  145.25  756.88  502.34  873.63  181.81  302.57  743.99  348.81  324.99  617.29  248.22  699.27  381.92  641.76  915.26  763.25  802.25  318.53  185.46  782.52  279.81  296.94  896.56  978.86  612.07  101.48  805.12  356.78
  238.28  333.25  201.43  356.68  725.11  260.39  624.20  712.00  308.93  605.65  311.80  629.74  490.35  720.84  653.94  355.59  108.87  822.04  784.77  432.18  639.90  368.39  138.94  829.81  908.60  708.77  559.05  723.56  338.20  907.44  894.22  711.21  738.25  675.30  529.10  549.68  750.96  283.15  299.07  356.82  983.10  446.87  447.83  710.09  466.93  974.74  446.50  261.43  592.35  673.37
  663.59  702.30  571.94  962.60  237.26  664.94  732.56  321.57  778.06  286.20  844.21  585.30  359.53  421.96  285.77  850.19  486.71  296.73  542.80  417.30  835.42  957.36  117.86  259.84  594.06  616.16  917.59  800.92  845.50  464.10  851.91  121.07  109.43  997.74  853.70  149.16  463.06  479.88  785.53  346.92  407.89  613.18  972.09  800.25  186.82  610.59  989.29  154.22  812.78  123.45
  810.26  280.38  981.14  534.64  862.40  284.87  466.97  401.38  974.62  973.45  674.69  162.39  328.42  322.66  124.78  572.96  560.84  475.41  127.96  459.50  868.66  536.18  266.88  199.33  273.36  554.47  642.57  176.25  672.41  917.89  843.01  729.30  235.32  601.76  987.04  936.59  753.10  539.90  783.93  590.25  749.18  701.16  680.07  995.54  992.49  256.83  103.61  839.41  404.34  155.51
  712.24  775.15  353.16  125.05  609.96  490.02  318.20  523.70  460.19  208.87  514.75  198.92  587.26  646.79  283.36  251.07  590.33  905.17  925.96  728.60  424.58  396.90  597.97  313.41  198.44  185.94  865.99  149.04  367.68  413.10  892.78  311.06  795.65  100.23  907.69  577.63  195.44  533.43  318.93  573.77  620.50  322.76  935.13  408.05  763.44  939.26  751.26  934.33  604.57  469.64
  883.22  183.57  308.84  407.04  940.29  220.12  460.05  376.50  506.18  426.87  191.87  224.57  613.70  894.04  931.11  929.99  447.72  229.96  179.40  371.38  918.68  565.51  595.54  321.58  827.55  275.56  983.15  784.33  428.62  699.76  834.96  286.70  894.85  246.26  364.60  122.16  807.00  869.12  201.76  276.77  770.07  625.22  723.59  706.12  825.91  654.69  216.63  360.55  271.33  602.07
  389.41  584.13  410.66  843.84  925.98  815.24  157.54  746.18  804.11  736.86  845.72  296.78  628.76  165.96  151.51  634.50  651.13  975.35  510.70  393.86  392.84  653.33  684.87  968.74  448.18  206.95  437.82  466.58  867.10  495.11  755.90  845.62  881.29  351.45  576.67  804.24  896.32  195.79  750.14  510.29  791.40  664.24  140.14  257.33  871.17  508.08  934.53  840.25  880.07  184.85
  187.27  556.99  631.00  984.40  291.21  226.70  111.68  571.05  854.45  527.75  304.02  533.20  511.60  606.96  920.78  337.19  674.72  674.73  670.05  460.58  941.70  785.61  476.38  375.47  220.46  742.42  803.68  207.67  154.24  736.79  343.16  370.62  777.74  581.24  613.83  417.85  516.25  778.54  722.73  157.42  769.75  669.17  687.10  690.24  539.01  623.22  552.45  167.47  271.81  578.87
  273.63  574.74  625.05  603.02  600.04  989.44  710.01  954.11  571.04  874.35  983.16  566.46  197.76  586.08  795.15  759.77  570.62  663.06  320.28  488.48  883.30  619.96  571.07  446.25  811.22  879.54  167.45  966.29  632.28  686.17  180.62  798.65  457.24  170.35  318.56  615.35  487.84  853.28  147.58  322.23  706.86  914.84  692.15  938.55  683.45  652.69  957.11  954.61  103.85  929.43
  512.44  463.96  150.05  355.55  797.09  589.82  954.29  888.52  513.16  410.38  272.24  895.84  537.70  584.76  876.13  999.77  995.21  781.17  369.18  390.04  207.63  903.02  288.38  820.62  731.56  804.40  123.64  337.00  334.75  708.87  498.43  903.96  125.26  668.14  107.59  344.59  432.26  501.55  635.05  743.45  487.50  429.24  665.59  685.53  698.17  843.61  470.04  962.44  887.36  933.26
