  419.35  560.59  803.79  313.11  580.96  955.22  632.55  463.76  890.95  877.59  729.03  301.66  326.14  442.26  343.95  750.98  676.04  611.87  126.25  910.24  631.02  119.99  308.63  980.28  137.57  964.33  942.49  225.91  695.87  919.06  793.18  737.75  206.24  549.87  902.85  123.11  267.80  497.21  760.20  899.99  423.91  199.83  551.54  325.53  448.33  781.49  578.23  187.82  308.69  680.85
  407.05  415.82  639.95  881.79  480.21  827.40  674.86  728.86  783.31  627.56  569.64  234.37  816.53  986.55  140.82  298.13  188.88  974.41  884.33  658.44  181.80  201.85  644.34  456.72  718.26  812.74  530.31  412.00  744.68  898.26  490.83  660.71  595.05  914.37  889.48  607.50  466.59  220.03  731.32  344.45  343.47  210.31  398.08  731.65  236.13  513.14  280.26  766.50  305.44  987.77
  392.16  356.61  745.23  149.50  117.56  898.21  399.29  982.51  798.39  219.54  431.99  894.36  796.07  210.48  138.41  982.76  164.10  624.91  119.80  965.23  955.22  580.12  579.78  850.96  842.85  605.96  710.17  847.15  587.40  870.54  904.22  309.01  404.04  806.75  571.29  821.67  409.25  755.41  192.18  933.30  173.02  422.71  122.18  281.08  123.41  755.14  213.64  255.45  267.78  505.98
  685.19  802.13  225.52  987.01  227.31  684.48  378.62  488.39  767.57  107.28  664.62  115.92  130.65  459.70  740.97  115.31  529.44  244.52  499.58  862.98  514.43  986.92  880.35  765.91  995.56  349.92  119.65  457.71  413.89  991.69  583.38  811.64  398.46  560.64  226.34  635.87  496.40  546.24  976.96  547.55  879.32  289.12  434.98  404.19  403.38  967.68  949.17  236.34  839.92  892.30
  315.51  592.21  749.63  750.76  901.61  772.00  603.41  752.44  805.95  502.23  530.42  921.78  279.60  577.72  470.28  932.96  597.18  287.06  567.43  913.19  903.65  636.75  606.55  452.36  940.90  840.50  803.73  432.93  224.98  172.55  102.68  908.43  638.10  814.05  758.65  266.24  744.84  676.42  389.46  455.04  633.51  620.74  971.48  171.55  292.59  778.16  174.63  733.82  643.25  961.35
  907.40  240.14  262.91  103.51  519.51  366.22  398.37  726.64  935.48  181.31  575.03  409.71  899.39  814.44  257.03  860.73  327.29  859.59  744.63  581.87  540.16  635.90  216.02  852.68  507.39  159.39  275.60  357.09  191.60  249.04  194.39  831.62  897.08  777.66  974.59  388.20  550.06  339.25  130.06  632.08  390.93  707.42  417.97  796.23  302.62  378.82  865.64  429.49  160.78  938.85
  658.47  406.60  942.85  697.93  813.81  896.60  873.96  903.51  862.15  674.15  870.50  296.36  154.83  905.64  858.59  787.78  100.84  216.85  560.19  336.40  703.06  724.71  988.74  859.52  538.93  823.41  137.21  537.71  761.64  532.94  367.19  341.66  672.45  966.83  642.17  184.22  951.84  815.90  856.77  714.31  334.48  780.24  962.94  672.42  119.37  108.21  274.48  872.74  777.65  482.42
  826.01  693.35  781.49  201.20  929.95  694.54  864.27  189.49  330.17  473.69  945.80  568.30  205.90  525.44  756.53  591.25  674.09  246.41  673.67  706.19  101.64  350.87  818.25  844.86  573.20  341.80  549.21  794.50  320.90  744.64  806.33  762.07  486.16  980.85  442.43  236.33  408.24  800.78  814.66  966.70  378.47  336.73  407.76  718.15  601.00  440.07  639.73  987.25  971.17  957.29
  729.30  855.74  859.43  702.24  990.32  904.45  130.13  386.45  633.51  887.44  830.48  310.61  842.93  825.47  890.27  273.94  894.19  317.68  940.36  328.44  838.69  312.60  410.52  214.27  168.85  939.79  762.82  249.47  406.13  170.98  124.75  857.75  560.04  994.18  264.89  923.27  219.06  587.35  322.75  969.00  769.40  449.94  840.05  578.81  703.48  461.09  679.58  772.29  724.58  623.16
  535.95  280.61  214.79  563.88  496.15  955.71  411.85  234.76  869.64  154.51  328.23  812.23  281.65  738.73  727.65  623.81  181.55  856.73  390.79  158.84  489.93  421.83  462.28  541.71  856.26  702.69  633.80  595.08  434.12  477.42  814.37  864.06  715.70  693.08  511.86  323.34  713.48  344.02  735.03  928.22  735.71  321.64  634.73  141.23  893.58  594.71  281.56  379.34  460.64  272.60
  693.63  885.52  540.52  367.71  812.05  987.76  870.90  998.63  569.69  581.74  197.98  552.10  360.55  671.98  643.73  716.77  790.68  682.41  802.63  333.15  201.17  190.76  713.27  220.23  507.12  904.07  355.86  372.98  858.09  439.22  183.36  563.08  907.27  676.77  932.07  101.03  516.64  736.95  235.34  197.60  488.89  945.49  822.77  539.77  486.34  224.17  197.66  832.72  408.53  957.88
  790.05  541.25  682.45  465.44  689.28  883.90  201.25  397.51  946.67  185.80  153.37  858.16  782.37  343.22  163.28  493.60  923.43  465.97  412.17  569.14  302.98  405.96  715.07  352.01  598.65  584.52  441.71  981.88  750.37  845.12  962.71  220.86  221.25  202.42  916.42  651.65  234.15  653.03  697.02  767.54  533.74  180.32  114.96  439.96  738.07  470.57  730.07  124.12  190.59  527.60
  322.33  516.94  566.43  627.64  439.57  794.85  608.91  195.49  508.69  352.61  127.28  427.42  364.78  859.34  913.49  662.77  577.42  492.95  498.93  710.94  559.65  688.11  460.96  307.35  158.49  892.59  733.13  804.73  291.58  807.26  186.34  579.41  376.67  762.02  771.79  685.03  106.24  656.85  774.75  257.75  218.49  177.20  587.60  711.17  785.91  186.42  206.49  294.36  367.29  290.03
  446.67  512.74  930.59  270.59  573.32  999.25  568.58  410.34  853.42  858.83  272.94  151.26  273.76  768.16  201.38  539.50  997.49  542.22  577.88  303.37  798.26  373.65  806.02  517.10  896.19  710.48  721.13  398.22  135.11  587.73  355.09  184.00  589.88  438.36  990.78  167.61  509.27  835.14  647.15  857.24  870.31  573.75  659.12  206.79  749.58  357.13  709.09  218.95  241.02  284.32
  121.43  429.43  848.41  401.22  637.06  344.81  989.91  605.99  856.08  420.14  247.60  903.02  404.97  566.25  331.88  182.35  179.99  975.13  793.86  125.01  327.59  937.08  459.21  516.54  837.85  637.22  925.52  340.50  789.78  377.93  977.20  747.26  240.94  176.40  617.86  811.00  771.23  314.38  293.26  956.42  532.74  688.38  871.93  236.99  318.10  473.95  737.07  354.34  356.93  856.39
  949.02  257.54  447.42  359.27  204.05  678.77  845.63  234.71  906.82  804.02  624.60  746.48  880.26  227.49  566.31  233.60  666.18  860.01  368.42  175.53  918.05  162.25  428.35  351.36  556.18  139.70  385.01  326.47  646.00  152.11  151.57  353.26  655.97  132.95  523.74  110.65  231.02  521.22  819.75  222.54  807.31  152.07  111.45  915.92  806.67  389.37  220.35  490.50  848.34  773.62
  583.52  530.30  819.86  894.81  990.64  958.99  710.72  276.56  342.37  450.48  860.56  909.70  481.59  883.41  213.24  191.94  578.72  414.77  563.61  381.46  712.39  117.37  763.27  915.95  255.02  822.26  898.92  733.21  821.70  784.37  913.11  349.41  202.05  883.86  657.76  998.61  103.94  239.67  945.80  643.47  695.92  440.96  725.89  601.71  256.53  435.95  128.91  917.41  156.03  510.97
  677.64  177.91  748.56  411.98  468.50  782.68  501.53  356.58  149.05  801.08  329.52  844.92  722.02  589.02  292.53  371.71  967.08  703.62  951.93  106.18  243.67  398.83  267.41  229.27  909.38  395.05  190.31  968.50  604.35  724.87  565.49  821.37  277.70  238.35  792.68  735.27  351.32  355.61  696.59  431.82  647.21  297.65  925.40  603.83  718.51  413.81  314.93  635.34  791.94  226.00
  556.41  348.80  964.57  950.34  349.09  991.50  515.60  281.53  759.75  902.79  464.72  469.25  849.49  466.52  365.83  416.49  178.59  645.93  369.66  217.53  654.42  235.05  456.10  721.61  933.70  306.78  712.08  517.05  773.16  430.97  903.16  630.12  370.89  942.19  969.56  711.93  230.82  390.74  948.03  721.26  939.59  372.07  707.32  646.51  150.19  388.45  820.52  272.63  905.08  931.09
  937.05  234.48  832.54  345.09  433.77  739.69  271.84  876.56  747.50  635.90  227.72  945.01  315.33  584.31  612.86  159.42  611.35  721.82  623.57  624.05  722.04  335.65  548.74  235.21  505.04  137.03  240.26  349.39  745.95  806.67  944.57  924.10  486.41  916.42  797.71  850.20  102.38  490.06  365.48  563.18  539.42  743.14  260.02  461.55  523.89  570.75  268.01  949.86  729.78  118.85
  340.42  942.28  752.12  241.84  650.42  860.15  159.82  194.01  529.30  722.07  178.48  319.96  671.64  558.47  777.27  976.23  904.62  896.60  286.71  494.77  238.18  909.87  726.07  118.51  613.76  256.67  148.54  460.59  695.72  629.07  444.56  153.56  552.65  561.46  808.30  336.19  287.23  617.66  216.94  523.19  536.59  639.16  455.54  872.62  565.73  257.61  525.80  627.12  243.73  885.84
  474.91  680.86  309.14  146.92  281.25  904.85  807.07  370.82  281.65  474.26  787.17  500.29  109.56  863.15  786.97  661.35  683.15  537.73  232.50  107.90  884.63  520.88  902.75  221.81  423.95  958.21  776.33  756.26  201.00  633.70  510.63  784.51  453.76  123.96  565.02  375.18  841.72  165.08  626.66  998.52  241.81  278.04  273.39  853.67  607.54  476.08  916.28  479.08  204.60  481.86
  405.76  328.33  475.80  553.28  708.75  250.27  442.28  204.84  843.98  511.30  406.29  712.97  632.27  784.52  777.67  619.22  834.08  669.70  232.93  292.47  421.80  321.10  443.29  911.67  823.94  676.98  581.43  204.89  541.55  538.05  982.28  173.28  170.12  205.06  127.84  780.86  249.73  781.09  172.04  926.74  403.32  983.90  985.01  859.33  924.15  706.00  428.57  835.18  950.95  920.93
  982.16  111.08  355.97  196.53  880.07  129.01  748.98  327.07  925.32  639.64  423.77  457.87  914.22  257.91  363.76  279.36  871.10  372.13  438.04  169.61  594.51  717.85  900.21  932.98  952.83  783.59  613.03  177.59  264.28  433.42  163.94  595.83  840.22  980.71  559.30  915.05  276.34  717.85  195.22  442.14  950.58  159.04  185.67  169.45  373.06  374.06  553.83  313.48  250.95  390.28
  733.53  197.34  256.57  142.28  838.96  180.19  792.26  621.65  607.19  667.57  186.84  260.86  923.76  141.50  324.20  138.29  152.59  715.53  620.34  109.36  338.89  943.93  495.80  768.51  623.33  629.12  587.41  832.02  778.33  271.82  787.44  710.62  121.02  189.52  681.87  895.45  617.91  152.40  760.53  940.91  184.77  187.77  399.04  582.43  574.71  292.30  980.00  523.21  176.09  494.72
  803.85  870.63  180.45  445.45  109.07  402.72  538.66  315.13  259.88  112.70  671.83  978.63  793.21  592.02  802.80  418.19  899.60  974.58  615.11  390.82  632.09  891.79  496.21  127.64  939.01  572.96  484.38  426.70  725.00  223.17  422.52  129.19  838.48  868.73  571.99  975.39  176.84  264.80  533.21  570.44  579.25  948.72  608.38  255.37  107.31  839.53  932.27  318.85  279.42  170.62
  779.38  387.65  368.18  165.56  365.17  108.14  569.67  123.20  279.34  671.01  100.99  885.60  329.86  823.80  175.32  186.47  457.04  599.00  312.92  150.05  855.31  917.17  321.05  602.05  654.58  143.22  602.18  185.90  713.21  272.66  637.61  247.53  360.33  823.73  915.87  376.13  434.74  794.10  852.89  996.21  820.92  221.44  423.80  794.41  690.84  481.60  509.22  517.14  207.28  481.99
  326.14  938.57  765.32  804.63  630.16  794.33  820.81  713.17  808.41  102.95  799.25  382.31  897.72  509.03  437.51  471.18  569.23  114.83  590.45  901.33  916.81  466.01  757.41  192.09  790.01  951.68  204.25  583.60  201.40  618.72  657.36  119.52  552.92  760.50  667.33  611.65  410.26  935.62  775.95  917.15  435.36  329.85  663.30  447.04  120.55  410.88  320.12  587.62  856.08  682.57
  917.70  544.36  488.55  986.81  221.80  424.83  482.69  144.44  193.60  409.64  289.65  199.07  207.57  328.54  576.85  622.27  731.14  241.92  522.25  520.04  510.88  784.20  653.99  120.26  629.68  532.80  763.84  274.64  987.16  933.20  803.77  368.58  517.03  967.29  762.65  632.57  637.29  154.88  984.85  625.78  262.02  917.57  694.94  132.68  115.68  840.24  775.81  226.91  658.10  717.69
  603.76  962.13  420.43  831.37  744.55  355.48  595.93  865.95  219.84  666.19  509.10  289.15  465.88  618.41  349.89  123.57  226.57  706.36  811.61  206.27  946.45  689.47  549.26  675.15  722.81  841.94  603.78  155.30  572.90  300.41  503.28  693.81  588.88  906.02  632.96  700.15  536.20  684.73  478.41  443.07  245.90  626.19  212.12  615.36  343.12  479.45  655.61  417.75  164.50  867.40
  706.64  727.98  589.26  808.70  677.08  822.41  902.12  662.00  740.58  734.26  684.50  249.41  384.36  628.58  908.18  484.52  669.48  447.48  814.47  315.50  717.27  173.72  599.18  484.58  476.18  778.69  579.03  927.37  300.73  180.04  936.11  341.38  347.22  679.94  109.90  939.43  836.44  734.82  367.44  303.81  632.93  713.63  717.95  936.59  567.83  898.83  204.50  241.85  157.40  174.05
  721.77  196.82  592.49  601.61  552.49  784.31  482.91  270.36  180.02  309.77  102.69  312.30  141.72  972.79  893.02  278.40  796.48  877.82  869.18  993.57  955.82  144.91  989.34  116.99  207.84  708.83  944.25  430.19  571.21  376.57  970.66  923.38  983.76  337.04  969.63  105.61  691.68  850.54  543.07  187.70  394.14  917.36  784.06  274.89  410.60  212.96  953.07  339.19  717.38  893.38
  945.67  739.08  485.22  347.28  577.40  579.50  941.86  126.37  737.50  429.17  895.91  245.79  983.22  534.86  386.31  154.57  247.54  230.37  195.30  731.83  344.57  249.72  791.16  417.83  286.40  320.94  924.55  867.28  903.29  939.60  798.44  462.18  901.39  344.74  348.22  877.73  947.48  557.38  902.38  965.35  514.31  254.46  483.59  997.65  709.62  344.51  692.61  755.90  808.52  616.59
  259.84  539.60  433.42  625.38  108.74  492.69  392.67  534.08  852.14  940.15  415.52  739.04  721.93  996.22  552.64  171.79  384.29  698.93  784.21  295.34  204.79  303.74  839.66  519.55  442.95  800.31  249.32  247.36  251.54  881.47  749.25  299.07  197.50  521.87  756.06  484.34  560.56  400.55  809.49  571.13  400.13  749.22  205.75  191.71  760.93  362.64  506.71  699.54  440.31  537.83
  673.70  893.77  606.45  677.69  554.45  319.90  401.38  634.54  800.67  305.10  360.44  491.83  774.95  744.38  545.13  869.69  414.89  987.31  575.16  322.78  901.72  565.33  866.49  772.98  545.09  513.39  213.70  999.16  625.26  812.16  899.77  977.25  314.20  830.19  612.90  980.00  735.52  863.74  718.36  394.36  654.06  717.65  900.96  281.25  482.63  612.92  267.17  589.30  921.92  960.27
  715.57  369.69  750.17  638.31  519.63  948.66  936.64  296.15  946.75  278.75  927.49  162.17  600.89  290.11  192.13  567.90  228.18  284.92  822.16  668.01  312.92  995.64  829.37  574.43  292.23  375.06  548.97  628.42  755.34  368.79  326.47  678.80  678.64  933.35  540.58  270.17  537.67  545.38  603.11  707.77  824.97  569.57  996.17  236.42  858.22  851.07  593.96  639.11  568.18  619.44
  768.47  387.64  474.33  675.58  418.76  622.83  489.78  608.32  119.83  216.01  924.15  777.85  383.54  600.93  170.78  574.00  964.57  966.11  516.50  941.54  857.34  427.67  353.02  382.52  258.84  157.74  349.82  956.78  955.40  954.74  779.60  981.54  299.73  744.47  688.98  554.65  386.30  834.13  595.93  284.87  351.01  553.13  914.09  358.48  485.41  434.71  371.81  518.75  257.14  495.39
  893.56  853.78  361.97  264.92  314.38  888.91  604.49  216.00  329.72  143.76  283.82  310.34  935.89  476.75  908.85  881.89  907.09  402.47  694.79  579.69  434.66  846.91  996.52  960.96  215.18  689.31  477.89  967.09  466.80  788.21  859.75  519.45  471.02  811.34  123.59  302.48  685.92  164.78  738.87  567.08  342.62  144.71  886.26  993.27  826.04  964.79  908.96  944.74  111.62  535.89
  310.37  961.25  144.29  302.57  472.72  526.73  780.36  885.73  819.42  898.42  145.25  860.04  251.80  376.74  154.74  391.55  208.90  918.03  683.26  405.97  347.71  235.12  756.57  881.04  515.08  335.48  370.17  417.90  795.26  624.20  538.42  901.98  392.34  330.81  456.61  940.12  423.98  278.74  947.18  409.77  384.59  276.59  606.46  951.84  884.90  705.76  751.61  903.06  186.92  875.62
  636.12  779.91  899.91  586.62  480.78  496.85  275.88  346.93  821.63  818.86  386.81  316.35  391.22  994.87  748.85  556.11  185.85  459.69  102.31  129.44  723.11  644.65  318.36  269.13  954.72  556.86  100.16  584.12  209.40  102.40  466.34  948.63  873.16  939.98  238.28  305.57  223.71  323.71  723.56  530.47  634.37  304.58  296.94  545.33  339.01  418.21  594.54  356.78  529.10  594.17
  720.84  800.92  841.22  643.30  893.28  873.63  255.43  496.71  756.88  453.26  809.02  101.71  942.33  537.51  743.99  258.26  944.96  798.56  408.88  442.00  549.68  763.25  900.43  463.00  782.52  612.07  450.29  829.81  654.75  502.34  318.53  324.99  201.43  248.22  639.90  617.29  198.92  101.48  699.27  701.22  283.15  313.55  185.46  355.59  909.92  333.25  381.92  585.30  311.80  356.68
  299.07  822.04  328.42  708.77  279.81  896.56  605.65  712.00  610.59  613.18  559.05  348.81  907.44  653.94  308.93  725.11  915.26  917.59  978.35  731.58  368.39  784.77  802.25  176.25  784.39  983.10  908.60  138.94  738.65  286.20  108.87  978.86  894.22  738.25  675.30  288.67  407.89  446.87  284.87  750.96  237.26  702.06  490.35  181.81  463.06  539.90  641.76  974.74  925.96  259.84
  624.20  629.74  702.30  446.50  571.94  673.37  663.59  601.76  592.35  235.32  421.96  805.12  664.94  162.39  261.43  359.53  285.77  844.21  201.66  432.18  850.19  785.53  123.45  711.21  680.07  616.16  732.56  321.57  338.20  356.82  542.80  296.73  957.36  447.83  560.84  117.86  448.18  810.26  486.71  710.09  109.43  729.30  972.09  851.91  396.90  417.30  862.40  850.97  154.22  962.60
  997.74  989.29  572.96  800.25  464.10  812.78  868.66  490.02  401.38  590.25  124.78  322.66  843.01  534.64  479.88  127.96  936.59  594.06  674.69  199.33  981.14  275.56  149.16  712.24  186.82  839.41  672.41  318.20  917.89  475.41  523.70  576.67  466.97  995.54  208.87  514.75  260.39  835.42  251.07  728.60  974.62  460.05  266.88  460.19  939.26  308.84  283.36  149.04  783.93  973.45
  646.79  853.70  701.16  103.61  459.50  968.74  280.38  590.33  642.57  367.68  121.07  413.10  273.36  883.22  554.47  404.34  155.51  609.96  987.04  597.97  198.44  749.18  778.06  286.70  185.94  706.12  100.23  587.26  408.05  983.15  311.06  784.33  763.44  892.78  466.93  424.58  426.87  931.11  256.83  775.15  577.63  216.63  845.50  834.96  407.04  634.50  318.93  191.87  795.65  935.13
  224.57  894.04  428.62  620.50  313.41  604.57  183.57  125.05  533.43  753.10  573.77  595.54  929.99  321.58  584.13  276.77  469.64  807.00  536.18  918.68  179.40  613.70  827.55  206.95  625.22  815.24  804.24  869.12  905.17  201.76  389.41  940.29  746.18  353.16  376.50  195.79  843.84  751.26  393.86  825.91  894.85  664.24  195.44  271.33  447.72  907.69  602.07  246.26  304.02  723.59
  770.07  654.69  934.33  925.98  613.83  533.20  360.55  871.17  510.70  992.49  506.18  845.72  571.05  699.76  865.99  151.51  364.60  736.86  628.76  296.78  804.11  437.82  954.11  322.76  220.46  867.10  769.75  410.66  371.38  975.35  896.32  157.54  122.16  229.96  571.04  226.70  508.08  803.68  653.33  392.84  495.11  207.67  165.96  510.29  934.53  516.25  736.79  684.87  845.62  881.29
  466.58  565.51  674.72  337.19  346.92  920.78  717.11  984.40  351.45  710.01  742.42  606.96  291.21  755.90  750.14  778.54  220.12  631.00  488.48  556.99  154.24  257.33  111.68  880.07  983.16  929.43  578.87  651.13  187.27  476.38  460.58  207.63  586.08  343.16  167.47  674.73  854.45  527.75  840.25  272.24  623.22  670.05  552.45  687.10  570.62  690.24  539.01  463.96  157.42  273.63
  804.40  692.15  147.58  811.22  600.04  797.09  785.61  795.15  566.46  320.28  140.14  874.35  883.30  995.21  777.74  914.84  791.40  954.29  957.11  446.25  625.05  271.81  574.74  632.28  853.28  759.77  417.85  941.70  473.41  322.23  197.76  334.75  722.73  511.60  184.85  652.69  879.54  663.06  584.76  989.44  903.02  457.24  615.35  446.47  938.55  798.65  294.03  167.45  966.29  180.62
  103.85  581.24  470.04  954.61  888.52  273.28  743.45  589.82  410.38  999.77  355.55  375.47  501.55  150.05  619.96  513.16  288.38  369.18  820.62  571.07  686.17  429.24  537.70  603.02  887.36  826.57  303.97  487.84  218.05  370.62  593.47  674.74  486.72  668.14  635.05  706.86  895.84  390.04  669.17  344.59  318.56  428.88  782.75  107.59  904.06  788.35  685.54  183.89  337.00  627.08
