  803.79  919.06  313.11  549.87  560.59  890.95  737.75  463.76  442.26  980.28  729.03  206.24  877.59  676.04  326.14  695.87  955.22  842.85  301.66  126.25  674.86  119.99  140.82  325.53  308.63  680.85  298.13  812.74  187.82  899.99  480.21  745.23  448.33  750.98  881.79  407.05  766.50  280.26  201.85  551.54
  631.02  760.20  639.95  902.85  412.00  580.96  827.40  783.31  611.87  718.26  123.11  955.22  569.64  343.47  816.53  731.65  898.21  974.41  781.49  744.68  466.59  423.91  188.88  234.37  910.24  821.67  219.54  392.16  490.83  117.56  660.71  914.37  904.22  571.29  802.13  530.31  343.95  898.26  244.52  964.33
  986.55  731.32  884.33  305.44  578.23  728.86  119.80  740.97  210.31  644.34  847.15  267.80  579.78  236.13  624.91  181.80  199.83  356.61  497.21  415.82  987.77  399.29  398.08  796.07  344.45  220.03  192.18  982.51  965.23  607.50  404.04  806.75  456.72  267.78  685.19  173.02  798.39  164.10  580.12  123.41
  119.65  605.96  710.17  658.44  149.50  793.18  949.17  225.52  255.45  452.36  422.71  982.76  309.01  513.14  115.31  587.40  870.54  767.57  627.56  933.30  942.49  434.98  226.34  592.21  279.60  308.69  560.64  894.36  496.40  213.64  987.01  398.46  459.70  409.25  115.92  249.04  755.41  991.69  635.87  892.30
  174.63  850.96  431.99  107.28  995.56  529.44  889.48  413.89  976.96  986.92  289.12  499.58  684.48  281.08  583.38  505.98  859.59  102.68  744.84  138.41  811.64  227.31  880.35  749.63  389.46  932.96  664.62  908.43  546.24  765.91  879.32  530.42  224.98  606.55  755.14  967.68  315.51  862.98  455.04  398.37
  388.20  603.41  404.19  903.65  577.72  378.62  488.39  595.05  805.95  839.92  457.71  901.61  266.24  130.65  470.28  635.90  632.08  172.55  676.42  327.29  210.48  122.18  502.23  547.55  236.34  171.55  814.05  567.43  432.93  349.92  633.51  638.10  636.75  103.51  507.39  758.65  803.73  519.51  726.64  403.38
  287.06  940.90  921.78  974.59  750.76  236.33  262.91  540.16  899.39  840.50  913.19  860.73  752.44  216.02  642.17  643.25  658.47  275.60  357.09  366.22  777.66  514.43  390.93  733.82  907.40  159.39  292.59  796.23  194.39  181.31  674.09  620.74  532.94  852.68  216.85  581.87  597.18  673.67  955.71  772.00
  550.06  240.14  831.62  865.64  191.60  560.19  859.52  703.06  417.97  961.35  873.96  942.85  575.03  887.44  744.64  429.49  160.78  897.08  988.74  935.48  341.66  257.03  814.44  971.48  100.84  870.50  214.27  707.42  813.81  674.15  787.78  406.60  130.06  778.16  714.31  872.74  966.83  858.59  336.40  137.21
  108.21  296.36  823.41  537.71  154.83  777.65  408.24  962.94  334.48  442.43  826.01  386.45  336.73  119.37  761.64  302.62  378.82  896.60  800.78  756.53  573.20  903.51  482.42  409.71  697.93  205.90  905.64  350.87  672.42  130.13  591.25  929.95  724.71  951.84  780.24  568.30  274.48  856.77  806.33  987.25
  694.54  201.20  945.80  525.44  367.19  473.69  894.19  844.86  341.80  864.27  672.45  320.90  781.49  818.25  552.10  980.85  794.50  280.61  378.47  772.29  246.41  862.15  859.43  168.85  184.22  682.41  994.18  855.74  549.21  406.13  939.79  101.64  693.35  486.16  601.00  328.44  762.07  971.17  706.19  141.23
  330.17  769.40  623.16  938.85  322.75  407.76  990.32  460.64  815.90  814.66  312.60  535.95  633.51  328.23  264.89  639.73  339.25  410.52  189.49  440.07  940.36  170.98  310.61  317.68  449.94  587.35  729.30  702.24  830.48  281.65  249.47  762.82  273.94  870.90  718.15  578.81  856.73  838.69  724.58  516.64
  744.63  390.79  154.51  461.09  158.84  219.06  538.93  214.79  181.55  727.65  633.80  594.71  411.85  969.00  825.47  496.15  434.12  462.28  845.12  679.58  957.29  507.12  893.58  857.75  379.34  421.83  735.03  581.74  822.77  715.70  713.48  367.71  957.88  928.22  124.75  840.05  702.69  439.22  864.06  703.48
  987.76  890.27  489.93  904.45  634.73  812.23  272.60  563.88  842.93  945.49  439.57  540.52  856.26  716.77  344.02  560.04  405.96  541.71  197.98  234.76  738.73  814.37  101.03  569.14  807.26  569.69  750.37  735.71  539.77  998.63  904.07  201.17  486.34  885.52  511.86  595.08  477.42  333.15  183.36  869.64
  932.07  281.56  235.34  671.98  623.81  323.34  923.27  736.95  907.27  234.15  858.09  693.63  812.05  360.55  693.08  439.96  355.86  470.57  713.27  197.66  220.23  465.44  832.72  465.97  790.05  966.70  858.16  397.51  790.68  946.67  185.80  682.45  859.34  343.22  488.89  782.37  883.90  197.60  577.42  584.52
  163.28  352.01  715.07  291.58  676.77  573.75  608.91  408.53  180.32  114.96  201.25  962.71  981.88  802.63  916.42  493.60  220.86  923.43  533.74  372.98  224.17  532.74  653.03  321.64  689.28  364.78  527.60  697.02  651.65  177.20  767.54  190.76  441.71  221.25  270.59  730.07  302.98  774.75  124.12  127.28
  492.95  913.49  662.77  559.65  627.64  516.94  541.25  322.33  158.49  794.85  568.58  579.41  598.65  460.96  804.73  566.43  733.13  997.49  738.07  999.25  106.24  195.49  498.93  989.91  798.26  858.83  153.37  643.73  190.59  710.48  892.59  186.42  290.03  508.69  398.22  135.11  206.49  871.93  273.76  429.43
  563.08  785.91  367.29  771.79  352.61  412.17  721.13  512.74  857.24  517.10  896.19  257.75  218.49  427.42  573.32  373.65  539.50  656.85  711.17  685.03  811.00  930.59  202.42  241.02  542.22  768.16  446.67  737.07  990.78  186.34  167.61  762.02  293.26  355.09  647.15  587.73  688.11  357.13  637.06  385.01
  201.38  835.14  459.21  125.01  587.60  438.36  837.85  179.99  404.97  516.54  151.26  284.32  354.34  509.27  678.77  709.09  121.43  870.31  589.88  206.79  605.99  420.14  848.41  236.99  303.37  853.42  793.86  294.36  977.20  771.23  218.95  530.30  659.12  856.08  351.36  806.02  749.58  233.60  937.08  577.88
  272.94  804.02  231.02  340.50  377.93  276.56  949.02  376.67  913.11  410.34  182.35  331.88  556.18  819.75  152.11  240.94  688.38  903.02  447.42  401.22  344.81  624.60  710.94  956.42  958.99  856.39  747.26  789.78  176.40  746.48  184.00  860.56  247.60  257.54  773.62  710.72  880.26  860.01  370.89  314.38
  637.22  617.86  848.34  234.71  162.25  578.72  925.52  359.27  368.42  748.56  990.64  326.47  925.40  806.67  473.95  307.35  666.18  110.65  327.59  151.57  342.37  998.61  381.46  906.82  845.63  177.91  655.97  139.70  111.45  149.05  917.41  220.35  909.70  677.64  523.74  975.13  915.92  894.81  191.94  566.25
  583.52  428.35  918.05  414.77  643.47  389.37  807.31  450.48  227.49  712.39  222.54  782.68  822.26  213.24  945.80  204.05  898.92  235.21  128.91  255.02  566.31  481.59  132.95  411.98  371.71  563.61  435.95  601.71  103.94  763.27  646.00  202.05  267.41  156.03  349.41  819.86  256.53  243.67  951.93  821.37
  297.65  353.26  277.70  356.93  468.50  784.37  883.86  821.70  292.53  510.97  318.10  398.83  725.89  175.53  490.50  801.08  356.58  603.83  844.92  152.07  909.38  440.96  733.21  281.53  902.79  238.35  239.67  490.06  388.45  329.52  703.62  657.76  695.92  464.72  696.59  529.30  722.02  106.18  968.50  589.02
  466.52  190.31  515.60  647.21  948.03  759.75  747.50  314.93  849.49  565.49  501.53  964.57  413.81  395.05  461.55  950.34  178.59  967.08  654.42  416.49  712.08  718.51  433.77  711.93  904.62  604.35  556.41  612.86  521.22  517.05  345.09  792.68  735.27  348.80  217.53  229.27  942.19  117.37  272.63  431.82
  773.16  791.94  903.16  430.97  939.59  150.19  724.87  611.35  365.83  355.61  707.32  905.08  230.82  456.10  850.20  306.78  635.34  349.09  235.05  832.54  315.33  271.84  523.89  351.32  563.18  721.61  931.09  635.90  937.05  486.41  226.00  629.07  159.42  539.42  944.57  991.50  915.95  102.38  390.74  369.66
  372.07  204.89  933.70  505.04  916.42  624.05  623.57  256.67  469.25  548.74  159.82  494.77  335.65  876.56  558.47  896.60  646.51  945.01  241.84  745.95  234.48  958.21  797.71  584.31  630.12  806.67  645.93  729.78  752.12  969.56  165.08  238.18  976.23  860.15  942.28  722.04  118.85  924.10  178.48  722.07
  613.76  281.65  328.33  909.87  336.19  319.96  240.26  777.27  340.42  536.59  349.39  309.14  118.51  287.23  565.73  260.02  365.48  721.82  148.54  739.69  807.07  268.01  109.56  286.71  726.07  863.15  776.33  146.92  197.34  194.01  808.30  444.56  820.52  370.82  523.19  561.46  617.66  455.54  475.80  743.14
  250.27  525.80  107.90  552.65  639.16  570.75  510.63  460.59  683.15  883.41  216.94  626.66  627.12  221.81  474.26  123.96  232.50  841.72  227.72  661.35  278.04  153.56  281.25  756.26  949.86  695.72  721.26  474.91  273.39  232.93  884.63  748.98  538.05  885.84  321.10  241.81  375.18  243.73  998.52  650.42
  520.88  787.17  872.62  327.07  500.29  708.75  565.02  786.97  196.53  257.61  777.67  853.67  902.75  633.70  676.98  443.29  537.73  453.76  553.28  442.28  925.32  479.08  784.51  784.52  911.67  403.32  671.64  843.98  204.60  421.80  137.03  423.77  619.22  405.76  768.51  920.93  632.27  924.15  871.10  607.54
  835.18  428.57  177.59  201.00  834.08  870.63  914.22  669.70  983.90  204.84  127.84  916.28  250.95  511.30  476.08  781.09  541.55  712.97  173.28  717.85  859.33  982.28  926.74  172.04  111.08  355.97  406.29  581.43  680.86  205.06  880.07  176.09  980.71  900.21  985.01  623.33  257.91  363.76  639.64  780.86
  706.00  950.95  423.95  186.84  442.14  915.05  943.93  717.85  438.04  950.58  840.22  982.16  952.83  141.50  249.73  163.94  838.96  159.04  899.60  264.28  390.28  559.30  426.70  180.45  832.02  185.67  374.06  169.61  620.34  143.22  595.83  338.89  170.12  373.06  495.80  613.03  256.57  523.21  733.53  129.01
  792.26  433.42  787.44  778.33  271.82  823.94  904.85  180.19  292.30  109.36  783.59  667.57  279.36  184.77  109.07  152.59  324.20  481.86  594.51  553.83  617.91  582.43  803.85  895.45  681.87  715.53  195.22  121.02  629.12  587.41  152.40  189.52  592.02  187.77  974.58  621.65  402.72  313.48  823.80  574.71
  940.91  457.87  276.34  760.53  422.52  494.72  142.28  978.63  804.63  538.66  260.86  223.17  292.47  793.21  259.88  671.83  710.62  980.00  571.99  802.80  279.42  570.44  418.19  445.45  170.62  112.70  272.66  387.65  399.04  509.03  127.64  368.18  138.29  175.32  891.79  868.73  372.13  975.39  615.11  572.96
  725.00  923.76  484.38  608.38  932.27  820.92  264.80  533.21  599.00  390.82  517.14  839.53  169.45  129.19  509.22  569.67  329.86  165.56  321.05  457.04  176.84  897.72  241.92  312.92  108.14  318.85  885.60  423.80  496.21  671.01  939.01  488.55  779.38  948.72  607.19  107.31  637.61  932.98  867.40  799.25
  471.18  713.21  100.99  602.18  794.33  185.90  838.48  917.17  376.13  794.10  481.60  247.53  114.83  901.33  279.34  255.37  517.03  938.57  522.25  204.25  199.07  820.81  123.20  794.41  221.44  632.09  602.05  481.99  765.32  315.13  611.65  569.23  365.17  434.74  219.84  790.01  437.51  186.47  808.41  326.14
  852.89  119.52  207.28  628.58  657.36  996.21  855.31  120.55  757.41  192.09  760.50  667.33  915.87  424.83  132.68  150.05  409.64  856.08  775.95  590.45  663.30  762.65  917.15  618.72  552.92  382.31  360.33  102.95  986.81  632.96  435.36  120.26  576.85  653.99  201.40  583.60  274.64  682.57  447.04  951.68
  654.58  962.13  933.20  329.85  510.88  630.16  245.90  221.80  368.58  320.12  713.17  193.60  775.81  622.27  831.37  410.88  629.68  917.57  618.41  967.29  289.65  803.77  916.81  226.91  328.54  984.85  917.70  632.57  154.88  410.26  784.20  355.48  946.45  840.24  763.84  731.14  579.25  509.10  207.57  532.80
  935.62  206.27  603.76  626.19  595.93  579.03  417.75  420.43  865.95  587.62  811.61  675.15  520.04  300.73  123.57  482.69  466.01  549.26  572.90  503.28  155.30  289.15  637.29  658.10  953.07  717.69  300.41  706.64  615.36  666.19  303.81  144.91  479.45  693.81  722.81  349.89  625.78  684.73  478.41  906.02
  690.84  972.79  694.94  212.12  744.55  898.83  662.00  588.88  603.78  343.12  717.27  187.70  822.41  841.94  115.68  706.36  347.22  908.18  814.47  740.58  655.61  384.36  544.36  180.02  823.73  484.58  808.70  684.50  536.20  484.52  367.44  262.02  987.16  727.98  902.12  734.26  901.39  616.59  254.46  476.18
  713.63  869.18  164.50  800.67  808.52  447.48  144.44  734.82  180.04  601.61  241.85  927.37  226.57  465.88  778.69  341.38  173.72  969.63  677.08  157.40  259.84  312.30  589.26  893.77  717.95  270.36  939.43  567.83  443.07  174.05  983.76  109.90  599.18  592.49  347.28  102.69  877.82  482.91  196.82  669.48
  944.25  936.59  485.22  924.55  410.60  689.47  955.82  945.67  430.19  903.29  983.22  376.57  204.50  989.34  394.14  315.50  278.40  309.77  506.71  700.15  721.77  679.94  116.99  141.72  836.44  571.21  708.83  717.38  154.57  940.15  993.57  212.96  543.07  917.36  320.94  784.06  970.66  247.54  784.31  245.79
