  934.52  765.69  860.79  985.01  553.17  525.38  841.30  138.78  737.75  345.80  137.57  760.20  611.87  256.11  419.35  503.66  453.30  881.73  881.79  695.87  195.47  842.85  902.85  530.75  803.79  351.59  890.95  877.59  549.87  199.83
  964.33  755.43  415.82  580.96  260.62  442.26  497.21  766.50  631.02  745.23  827.40  325.53  674.86  301.66  632.55  899.99  326.14  308.63  569.64  955.22  343.95  140.82  560.59  955.22  793.18  438.64  750.98  448.33  551.54  173.02
  313.11  298.13  280.26  225.91  729.03  407.05  220.61  639.95  200.20  126.25  676.04  123.11  914.37  680.85  974.41  463.76  423.91  480.21  722.07  308.69  305.44  802.13  783.31  219.54  343.47  816.53  119.99  188.88  627.56  267.80
  980.28  744.68  986.55  392.16  234.37  821.67  530.31  942.49  919.06  847.15  910.24  728.86  904.22  894.36  889.48  220.03  398.08  624.91  987.77  456.72  181.80  267.78  644.34  718.26  201.85  117.56  884.33  187.82  138.41  812.74
  595.05  206.24  431.99  658.44  210.31  404.04  607.50  399.29  115.31  356.61  394.58  965.23  578.23  192.18  488.39  660.71  982.51  119.80  796.07  466.59  309.01  898.26  496.40  781.49  227.31  579.78  255.45  236.13  850.96  244.52
  605.96  710.17  119.65  459.70  767.57  412.00  798.39  949.17  210.48  122.18  514.43  580.12  892.30  281.08  490.83  422.71  755.41  592.21  249.04  417.97  755.14  434.98  987.01  933.30  571.29  898.21  279.60  102.68  560.64  174.63
  513.14  213.64  587.40  664.62  731.65  344.45  731.32  529.44  740.97  413.89  499.58  932.96  378.62  806.75  123.41  635.87  225.52  995.56  862.98  149.50  685.19  389.46  164.10  398.37  404.19  749.63  505.98  744.84  457.71  315.51
  452.36  606.55  982.76  583.38  130.65  908.43  684.48  940.90  986.92  921.78  455.04  879.32  859.59  803.73  546.24  676.42  967.68  226.34  750.76  403.38  502.23  470.28  991.69  236.34  903.65  224.98  635.90  289.12  880.35  772.00
  805.95  378.82  765.91  540.16  752.44  636.75  913.19  597.18  327.29  632.08  388.20  287.06  826.01  778.16  409.25  899.39  633.51  758.65  814.05  292.59  262.91  107.28  349.92  507.39  266.24  870.50  840.50  870.54  907.40  961.35
  603.41  181.31  547.55  638.10  620.74  257.03  390.93  240.14  567.43  115.92  726.64  839.92  733.82  581.87  935.48  171.55  216.02  159.39  777.66  519.51  971.48  575.03  191.60  398.46  216.85  896.60  974.59  366.22  409.71  976.96
  897.08  560.19  988.74  154.83  577.72  831.62  658.47  814.44  103.51  550.06  787.78  744.63  275.60  643.25  302.62  530.42  642.17  942.85  796.23  703.06  811.64  859.52  357.09  955.71  429.49  938.85  744.64  905.64  865.64  951.84
  184.22  194.39  674.09  901.61  137.21  929.95  694.54  903.51  538.93  160.78  858.59  873.96  862.15  205.90  296.36  887.44  672.45  966.83  674.15  777.65  341.66  236.33  406.60  823.41  214.27  591.25  339.25  367.19  697.93  130.13
  872.74  442.43  172.55  108.21  707.42  939.79  537.71  962.94  761.64  532.94  246.41  860.73  693.35  482.42  432.93  800.78  386.45  756.53  350.87  815.90  336.73  101.64  473.69  844.86  408.24  330.17  525.44  894.19  714.31  945.80
  274.48  806.33  702.24  440.07  573.20  336.40  552.10  549.21  794.50  320.90  813.81  772.29  328.44  762.07  842.93  378.47  987.25  673.67  856.77  249.47  189.49  334.48  855.74  168.85  781.49  407.76  341.80  310.61  280.61  406.13
  633.51  852.68  957.29  706.19  601.00  119.37  818.25  814.66  461.09  857.75  729.30  724.71  170.98  460.64  273.94  840.05  328.23  990.32  971.17  769.40  966.70  214.79  780.24  838.69  312.60  322.75  969.00  410.52  864.27  201.20
  682.41  639.73  100.84  830.48  264.89  718.15  623.16  904.45  486.16  980.85  317.68  234.76  762.82  594.71  825.47  516.64  130.06  672.42  923.27  568.30  859.43  219.06  713.48  496.15  390.79  141.23  434.12  124.75  856.73  560.04
  643.73  158.84  154.51  869.64  845.12  822.77  679.58  633.80  870.90  735.03  535.95  994.18  563.88  462.28  890.27  218.49  727.65  489.93  735.71  367.71  421.83  581.74  724.58  693.08  181.55  715.70  987.76  957.88  587.35  569.14
  563.08  885.52  595.08  634.73  507.12  856.26  864.06  321.64  703.48  511.86  405.96  738.73  945.49  904.07  477.42  439.22  814.37  379.34  439.57  486.34  998.63  344.02  281.65  940.36  541.71  702.69  197.98  449.94  569.69  201.17
  802.63  812.23  671.98  623.81  928.22  190.76  333.15  360.55  539.77  907.27  790.68  932.07  488.89  201.25  352.01  197.60  493.60  689.28  163.28  540.52  676.77  465.97  465.44  234.15  272.60  584.52  101.03  323.34  355.86  736.95
  183.36  439.96  832.72  716.77  372.98  221.25  224.17  883.90  858.16  185.80  662.77  470.57  197.66  153.37  893.58  858.09  573.75  220.23  981.88  750.37  411.85  281.56  790.05  859.34  608.91  713.27  343.22  302.98  923.43  408.53
  812.05  541.25  566.43  598.65  291.58  364.78  180.32  782.37  627.64  135.11  273.76  202.42  916.42  376.67  653.03  235.34  114.96  682.45  715.07  767.54  651.65  892.59  962.71  807.26  568.58  913.49  508.69  693.63  498.93  195.49
  559.65  352.61  127.28  794.85  270.59  774.75  804.73  158.49  527.60  533.74  460.96  946.67  997.49  412.17  730.07  397.51  738.07  106.24  989.91  785.91  656.85  427.42  999.25  710.48  307.35  441.71  737.07  798.26  398.22  512.74
  186.42  811.00  858.83  516.94  429.43  367.29  322.33  711.17  206.49  857.24  284.32  853.42  539.50  688.11  124.12  587.60  532.74  573.32  579.41  459.21  290.03  446.67  303.37  721.13  685.03  990.78  517.10  241.02  578.81  542.22
  151.26  177.20  733.13  768.16  762.02  125.01  896.19  492.95  220.86  190.59  294.36  848.41  806.02  201.38  354.34  355.09  509.27  357.13  856.08  385.01  871.93  577.42  410.34  589.88  577.88  206.79  709.09  373.65  605.99  236.99
  218.95  276.56  637.06  186.34  344.81  710.94  678.77  587.73  977.20  121.43  771.23  184.00  659.12  956.42  930.59  771.79  530.30  167.61  637.22  351.36  247.60  749.58  326.47  617.86  697.02  420.14  401.22  837.85  179.99  937.08
  804.02  438.36  272.94  903.02  835.14  949.02  176.40  152.11  688.38  566.25  331.88  231.02  318.10  647.15  975.13  182.35  918.05  162.25  227.49  342.37  473.95  404.97  819.75  556.18  583.52  925.52  906.82  958.99  447.42  913.11
  175.53  925.40  860.56  870.31  222.54  848.34  314.38  257.54  747.26  377.93  240.94  139.70  746.48  293.26  356.93  177.91  566.31  710.72  340.50  880.26  370.89  748.56  521.22  516.54  353.26  450.48  860.01  220.35  821.70  234.71
  819.86  915.92  990.64  845.63  368.42  149.05  655.97  110.65  793.86  257.75  909.70  773.62  132.95  763.27  722.02  428.35  359.27  917.41  152.07  915.95  103.94  894.81  883.41  111.45  371.71  481.59  856.39  389.37  204.05  327.59
  151.57  643.47  255.02  191.94  883.86  725.89  235.21  807.31  677.64  624.60  789.78  712.39  381.46  945.80  578.72  822.26  435.95  898.92  202.05  440.96  998.61  490.50  782.68  601.71  844.92  657.76  821.37  968.50  395.05  501.53
  523.74  233.60  156.03  128.91  356.58  733.21  411.98  747.50  414.77  647.21  589.02  951.93  398.83  468.50  703.62  277.70  806.67  292.53  565.49  646.00  281.53  238.35  801.08  297.65  666.18  784.37  490.06  355.61  645.93  106.18
