  525.38  934.52  377.89  453.30  260.62  220.61  394.58  841.30  553.17  195.47  137.57  225.91  919.06  313.11  881.73  956.28  421.79  729.03  985.01  689.01
  351.59  722.07  745.23  497.21  200.20  955.22  560.59  463.76  676.04  580.96  345.80  766.50  530.75  842.85  881.79  890.95  491.39  256.11  301.66  827.40
  755.43  326.14  674.86  199.83  201.85  899.99  343.95  781.49  765.69  750.98  569.64  910.24  119.99  419.35  415.82  955.22  964.33  816.53  980.28  442.26
  877.59  126.25  298.13  206.24  407.05  611.87  860.79  551.54  680.85  448.33  783.31  123.11  412.00  793.18  234.37  902.85  140.82  803.79  173.02  632.55
  280.26  503.66  549.87  187.82  898.21  974.41  578.23  325.53  308.63  423.91  718.26  138.78  188.88  986.55  898.26  802.13  627.56  744.68  695.87  530.31
  660.71  438.64  308.69  821.67  728.86  456.72  740.97  244.52  480.21  631.02  904.22  644.34  595.05  219.54  914.37  579.78  399.29  267.78  889.48  767.57
  267.80  210.31  117.56  343.47  466.59  220.03  119.80  431.99  731.32  344.45  685.19  639.95  607.50  496.40  658.44  982.76  987.77  164.10  731.65  982.51
  210.48  149.50  884.33  305.44  847.15  942.49  760.20  138.41  933.30  452.36  894.36  119.65  404.04  236.13  192.18  225.52  870.54  459.70  850.96  422.71
  798.39  392.16  587.40  513.14  796.07  755.41  281.08  181.80  255.45  356.61  737.75  122.18  605.96  226.34  892.30  710.17  624.91  965.23  812.74  571.29
  490.83  123.41  434.98  592.21  664.62  115.31  880.35  811.64  378.62  991.69  309.01  227.31  107.28  932.96  949.17  862.98  995.56  529.44  398.08  409.25
  546.24  765.91  213.64  413.89  635.87  806.75  130.65  580.12  115.92  676.42  398.37  349.92  488.39  684.48  502.23  398.46  403.38  879.32  744.84  755.14
  750.76  577.72  174.63  279.60  249.04  102.68  749.63  224.98  583.38  547.55  289.12  236.34  772.00  803.73  940.90  457.71  514.43  530.42  752.44  903.65
  987.01  986.92  567.43  967.68  976.96  913.19  597.18  378.82  389.46  388.20  638.10  908.43  778.16  560.64  826.01  805.95  758.65  635.90  620.74  499.58
  432.93  859.59  921.78  287.06  901.61  633.51  519.51  240.14  603.41  409.71  961.35  840.50  315.51  632.08  870.50  257.03  171.55  455.04  266.24  935.48
  532.94  366.22  636.75  292.59  103.51  172.55  216.02  236.33  658.47  159.39  581.87  971.48  907.40  643.25  339.25  470.28  839.92  733.82  327.29  130.06
  404.19  814.05  899.39  194.39  417.97  390.93  560.19  507.39  726.64  674.09  606.55  974.59  540.16  860.73  575.03  831.62  988.74  302.62  357.09  216.85
  275.60  191.60  938.85  852.68  703.06  505.98  673.67  787.78  181.31  796.23  697.93  903.51  955.71  896.60  724.71  929.95  744.64  674.15  951.84  137.21
  406.60  865.64  707.42  694.54  714.31  962.94  538.93  859.52  130.13  872.74  672.45  966.83  408.24  537.71  205.90  100.84  550.06  336.40  823.41  897.08
  862.15  806.33  336.73  756.53  262.91  814.44  815.90  693.35  108.21  367.19  942.85  858.59  341.66  987.25  905.64  780.24  800.78  189.49  386.45  761.64
  939.79  568.30  591.25  777.66  201.20  945.80  777.65  101.64  473.69  429.49  154.83  334.48  274.48  160.78  184.22  440.07  642.17  744.63  296.36  486.16
